Distance max : 135
27704
35
27671
23231
27727
900
26071
2
26070
1244
27665
24786
2365
483
1247
1234
27698
1230
26063
2059
1840
26079
1235
25713
26104
25913
1950
1937
27685
4039
1233
2331
27672
1991
2337
25637
27716
27607
26062
26092
27707
46
60
1935
27694
27713
27722
27668
53
26076
21722
27701
27696
25
27712
23230
27724
20466
26102
7
20436
1962
26067
2366
2304
25547
1988
1835
2360
19091
36
2335
20437
20465
39
20433
26060
26103
9
24643
18
27720
32
26074
26075
26073
23189
26123
26078
26251
26252
27711
1231
26129
27714
23192
34
2414
26064
26089
1232
25881
25611
25202
26065
26069
1228
1239
1238
27686
1241
27718
2390
25766
2417
26120
25589
26061
1236
20443
1242
25205
965
26082
27735
964
26068
27731
2387
27663
25916
1461
234
25947
2670
27706
