Distance max : 446
28290
2088
28201
28223
27835
27708
28555
28748
28297
28363
2426
28245
962
28475
28035
26071
1040
1754
28317
25828
28261
28156
28586
28713
28312
27724
28682
28467
28529
26087
27380
28749
28221
28110
28552
28056
28551
27706
27705
28743
25900
28092
28251
28356
28139
28742
28182
28301
27279
28360
25211
28410
28355
28146
28332
28478
28476
28570
28250
28590
27707
25647
28548
28637
4023
23356
28668
2670
28233
2094
28722
28361
25656
28589
28292
28400
25884
2332
26139
28646
28328
2333
28394
28350
26109
28605
2078
1900
1461
28544
28418
28651
1669
28702
28677
27124
26081
20438
1667
27800
2552
28429
25769
27381
28532
28267
28322
28649
28648
28716
20443
25642
28357
2363
27713
2034
25645
2550
28679
8620
8619
26091
28331
2336
28037
27929
25947
28647
3092
2515
25723
25720
2315
28656
1
2330
2365
28629
965
26096
1030
25786
24789
1919
27716
25602
26110
28738
1228
900
28444
28520
1709
25662
28501
28675
28678
2404
286
28699
28538
28323
1249
26114
28695
1950
26113
28735
28490
2403
2354
28715
2361
2329
25926
28665
28714
1937
28693
25613
26115
26111
1935
28485
25615
21722
2356
28488
25881
23192
26252
25614
25641
26120
1246
26123
27607
28068
25716
26104
28691
2331
28327
28326
1244
26068
26062
1233
1970
28736
1230
1231
22
28489
28483
1239
25640
28497
20
27694
1235
1242
28494
28161
26065
28334
28116
26069
26063
28335
24643
26064
25547
1237
28023
28688
2417
25713
2387
4039
2337
931
234
60
26075
26129
32
2360
27689
26078
1962
2304
1988
7
1835
23230
1980
20466
26060
26102
20465
9
39
2335
20433
25608
26073
18
2366
25
26103
25612
20437
26074
53
2334
20436
2414
46
25611
23189
26076
28481
26067
28732
26066
28337
28503
28504
23231
25202
25637
28495
25913
1234
28692
1241
1238
28320
1236
26061
25916
28711
25717
24786
1232
26251
28336
26092
25616
28662
28502
2390
1247
25766
28641
27712
2582
28496
1243
28694
28696
25205
26112
28330
28666
28325
25718
28644
28341
28345
28499
1002
28432
69
25114
28645
1941
28343
28346
28339
25618
28700
25719
27714
28353
28324
28737
28740
27668
950
28667
28670
25621
2423
25661
28739
28534
1250
28184
881
1774
28517
28576
28718
2551
2289
25721
28513
2358
28717
28719
28378
20439
20440
28657
28525
28528
28321
28669
28726
25931
28617
28654
26085
28380
21
28157
28118
28519
28561
28659
27841
28701
28650
28560
28698
28527
28516
28625
25644
28482
28044
28484
20441
3428
28472
28046
28653
28486
28027
28721
28563
28199
2323
1659
28745
28340
1840
28187
28200
2321
28175
28512
28447
2343
25643
299
26070
28059
28487
28705
2248
26082
28243
28254
28257
27849
28628
28526
28262
25590
28652
28381
28618
25885
28543
1942
2675
28246
28364
28358
1830
2063
28213
28338
28030
28550
28535
28202
28567
28622
28144
27703
2513
28160
28224
28511
1991
28409
2046
28492
28518
28741
28293
28728
66
28367
28007
1769
