Distance max : 172
2289
900
2248
27677
1229
25928
27734
2624
2404
27684
23356
964
1967
2670
2354
27669
2365
25211
25881
2361
2403
2329
2027
24789
27709
25602
27749
24786
2423
2034
1234
27125
1965
1246
1840
1002
2390
20443
2582
2791
27694
1233
1941
1242
234
27699
26252
1232
26123
26251
25916
25766
25608
25205
2414
27673
4039
25913
1235
25547
26120
26092
27124
27707
27713
26091
27668
27712
27700
27697
26068
26065
21722
2417
60
27724
53
27714
26103
18
9
2335
1962
20466
1988
20433
2360
1835
2304
2366
20437
7
23230
18812
20436
26060
20465
26063
26067
39
32
26102
25
26078
26062
46
15
27711
2334
26129
26074
2337
2331
26076
26075
26073
27661
27662
1937
24643
23231
26061
1237
25713
26089
25611
1244
13
1230
27695
27696
27716
27720
2387
1231
1236
27607
1238
1247
23189
1239
25202
2668
27672
1249
27698
23192
27735
1243
69
1950
965
26064
26066
1935
14
25637
1250
2080
2675
26069
1709
27718
26081
1241
1040
2356
27654
27701
27702
27736
1228
26071
27679
27681
27675
27688
879
1919
27732
66
