Distance max : 479
28567
28543
28477
28465
28170
28188
27849
2343
28304
28376
28421
28333
28020
28734
1967
28541
28190
28491
28444
28386
28366
2248
25234
27713
28581
28511
28509
28245
28253
28250
28156
1005
891
28633
28672
27704
28482
28483
28408
28406
28439
28414
1040
2044
28354
28492
28599
28400
28192
3092
2513
28220
28026
1991
1840
28231
28331
28423
28551
28343
28538
28207
28681
28671
27929
28112
2426
1659
28657
28701
28686
28353
28680
26071
28604
28542
2330
28359
28378
28679
27712
28118
28514
28629
28342
26081
24796
28576
2
28413
25645
8620
28725
28516
2315
28651
25720
8619
28328
286
28579
28656
879
25644
25719
26113
14
28715
25721
2515
1030
28718
27841
25642
2363
28717
28716
28320
1919
20441
1709
28322
28666
2552
2336
28647
25661
1950
28648
28487
28358
27711
28699
1774
25618
2321
27800
2034
28321
2329
27668
2356
28641
28669
28668
2404
28698
1941
28504
26087
900
881
26096
2582
25881
28068
28495
28644
28335
28737
25643
28714
28339
27707
25614
23192
28735
28496
28732
21722
27607
1235
28693
26120
26092
26251
28696
28694
28161
25615
1238
1233
1239
1236
25640
1244
25613
25616
1970
23189
25641
1231
28691
25916
28484
28494
4039
1247
28327
13
26076
24643
26066
28662
26074
25913
25637
26073
26075
26064
26067
26061
26104
2337
28019
27720
28688
15
46
2360
25
26068
26062
2335
18
26078
39
2304
18812
26060
1835
20466
7
23230
1962
9
20465
26102
1988
2366
2334
20436
32
2417
20433
53
25611
60
20437
26103
26129
25612
25608
28324
28325
25547
26063
25717
28692
2414
2331
28337
28345
25716
25713
1237
1242
28023
2390
28512
28738
28740
28497
1937
27694
23231
28116
26069
25202
1246
1234
28665
1232
26065
28739
28485
28486
1241
25723
1230
26123
28489
28501
28736
26252
28499
2387
25766
28711
26110
26111
26112
28330
1243
25205
26114
28334
28336
24786
28346
2365
2403
2361
28481
1935
27716
28645
2354
1002
28357
1228
26091
234
28594
28700
1250
28695
2289
28702
25718
26109
28488
26085
28490
28520
2550
28326
26115
965
2551
28743
25926
28646
28655
28649
25621
24789
27714
1249
28545
2078
483
69
28341
28323
28546
27690
28374
1461
28670
25769
28382
27124
1669
950
25662
1
28720
962
25114
28524
28425
28043
27381
28519
28617
2333
28667
28602
23356
28205
28431
28719
25602
28106
28417
20438
20440
28428
25884
28129
28742
2358
20443
25786
2341
28158
25656
910
28266
28268
28650
28349
28440
28182
28099
2332
3428
28708
26070
28684
28173
28565
28332
28540
2323
27829
28471
26082
28741
28689
28319
28517
28723
28441
299
28212
1667
28367
4038
28564
25947
964
28387
28608
28730
28222
28411
28252
25647
25211
28012
25901
2668
28473
28605
28438
20439
28040
2679
28314
28389
28506
26086
28547
28652
1965
28259
28464
28529
25777
25931
28443
28373
28745
28081
28131
28550
28383
28721
28418
28140
28498
28751
28690
28432
28203
27735
889
28356
28124
28480
84
28590
28313
