Distance max : 177
27682
965
27662
286
2034
69
2624
27742
2051
27671
26063
895
24786
21
2027
1965
2329
27695
25656
27736
1769
2403
2365
1898
1919
25608
2361
234
2321
25713
2356
1243
2387
2354
26089
27701
1840
2670
1843
26123
23231
27672
20443
24643
1250
1239
25881
27698
900
25547
26251
26092
20
4039
1247
1246
23192
1233
27697
27696
27607
1242
1244
26252
27707
1230
26067
26073
27712
1935
27711
1237
27724
27722
27720
26075
27713
2417
21722
26068
26061
26074
60
26078
32
26103
26102
1962
2335
23230
20437
1835
7
2304
2366
2360
26049
20465
20466
20433
20436
9
39
1988
26060
26062
25
18
26071
26066
46
26129
53
26065
2334
27714
27668
26069
26076
1937
27729
27124
2331
2414
27699
27716
2337
1236
1238
22
25916
25611
26064
25202
1231
25205
27694
27731
1235
1241
25637
1234
27689
2390
27735
27702
26082
26120
24789
25766
25926
2404
25913
1232
27700
1002
27709
1900
25590
27125
1941
26085
1774
27452
27686
27659
23189
2049
27664
27708
1228
1709
26104
1461
27279
27126
27675
27680
