Distance max : 160
1669
27745
2404
2049
879
4038
26064
25114
2065
2063
2057
2387
27381
27666
26067
27705
1919
881
25926
1229
900
2034
1244
2365
26065
27708
27709
25540
962
286
1950
2668
28
1967
1941
1228
1942
1830
1002
2781
1840
25916
25205
26063
26061
1935
2403
27735
1238
1232
2354
27
25608
27707
1246
1247
23189
24786
27701
27696
2361
1236
1241
25547
1231
27607
2414
1937
27702
25637
1230
20443
27721
26069
25913
26073
27713
27712
26075
27668
27722
27711
26129
2334
2417
27695
21722
27714
60
26078
25
18
20465
20436
1988
1835
1962
20437
2304
2366
7
23230
26060
20433
2360
2335
9
26102
20466
26066
25344
39
26103
32
26062
46
53
234
1798
2337
27124
29
4039
27720
27726
26076
26074
23231
26123
27724
1237
26120
26251
1235
2331
27697
27699
1239
25881
27694
27731
25202
27698
2675
24643
1242
27716
1233
27736
25611
26252
1234
23192
299
27737
25713
1250
2390
26092
1709
2329
2624
27125
1249
25766
4023
1900
27672
26089
2670
25786
26139
965
1970
1
1461
27748
69
27671
26071
1898
26091
22951
1965
2333
964
1991
27673
