Distance max : 179
2304
2366
1835
20437
2360
7
23230
20433
18812
1988
20436
20466
26060
20465
1962
2335
9
26063
26067
39
32
18
26102
25
26103
26078
27714
53
27724
26062
60
46
2417
15
21722
26065
26068
27697
27700
27711
27712
2334
26129
26074
27668
26091
27713
2337
27707
2331
27124
26076
26075
26073
27661
27662
26092
26120
25547
1937
24643
1235
25913
23231
4039
26061
1237
25713
27673
26089
25611
2414
1244
13
1230
27695
27696
25205
27716
25608
27720
2387
25766
1231
1236
25916
26251
27607
26123
1238
1232
1247
26252
23189
27699
1239
25202
2668
27672
234
1242
1249
27698
23192
1941
1233
27694
2791
2582
20443
27735
2390
1002
1243
1840
1246
69
1965
27125
1950
1234
2034
965
2423
26064
26066
1935
24786
14
27749
25637
25602
1250
2080
2675
26069
27709
24789
1709
27718
2027
26081
2329
1241
1040
2403
2361
25881
2356
25211
27654
2365
27701
27702
27669
27736
2354
2670
1228
26071
1967
27679
27681
27675
964
27688
23356
27684
2404
879
2624
1919
27734
25928
1229
27677
27732
66
2248
900
2289
