Distance max : 476
1980
20466
23230
26060
1835
26102
7
20465
1988
9
2304
1962
39
26078
27689
2335
20433
25608
26073
18
2360
2366
32
25
26129
26103
26075
25612
20437
26074
53
2334
20436
60
2414
46
234
931
2337
4039
2387
25611
23189
25713
26076
2417
28688
28481
26067
28732
28023
1237
26066
28337
25547
28503
28504
26064
24643
28335
26063
23231
25202
26069
25637
28495
28116
25913
28334
26065
28161
28494
1242
1235
1234
27694
28692
20
28497
1241
1238
25640
1239
28320
28483
28489
1236
26061
22
25916
1231
1230
28736
28711
25717
1970
1233
26062
26068
1244
28326
28327
2331
24786
28691
26104
25716
28068
27607
1232
26251
28336
26092
26123
1246
26120
25641
25616
28662
25614
26252
28502
2390
1247
23192
25766
25881
28488
28641
2356
27712
21722
2582
25615
28496
28485
1935
26111
26115
1243
25613
28694
28696
28693
1937
28714
25205
26112
28665
28330
28666
28325
25926
2329
2361
25718
28715
2354
28644
2403
28490
28341
28345
28735
28499
1002
26113
1950
28695
28432
69
25114
28645
26114
1249
28323
1941
28343
28538
28346
28699
28339
25618
28700
25719
286
27714
2404
28353
28324
28678
28737
28740
28675
28501
25662
1709
28520
27668
28444
950
900
1228
28738
28667
28670
26110
25602
27716
25621
1919
2423
24789
25661
28739
25786
28534
1030
1250
26096
965
28629
2365
2330
1
28184
881
1774
28656
2315
28517
28576
25720
28718
25723
2515
3092
28647
25947
27929
28037
2336
28331
26091
8619
2551
8620
28679
2289
2550
25645
25721
2034
27713
28513
2363
28357
25642
2358
20443
28717
28719
28378
20439
20440
28716
28657
28648
28649
28322
28267
28532
27381
28525
28528
28321
25769
28669
28726
28429
25931
2552
27800
1667
20438
28617
28654
26085
28380
26081
27124
21
28677
28702
1669
28651
28157
28418
28118
28519
28561
28659
28544
27841
28701
1461
28650
1900
28560
2078
28698
28527
28605
26109
28516
28625
25644
28350
28482
28394
28044
2333
28328
28484
28646
26139
20441
3428
2332
28472
25884
28046
28653
28400
28292
28486
28027
28721
28589
28563
25656
28199
28361
2323
28722
2094
28233
1659
2670
28745
28340
28668
1840
28187
23356
4023
28637
28200
2321
28548
28175
25647
28512
28447
27707
28590
2343
25643
299
26070
28059
28487
28250
28570
28705
2248
26082
28243
28476
28478
28254
28257
27849
28332
28146
28355
28410
25211
28360
27279
28301
28628
28526
28262
28182
28742
28139
28356
28251
28092
25590
28652
28381
28618
25900
25885
28543
28743
1942
2675
27705
27706
28246
28551
28056
28364
28552
28358
28110
1830
2063
28221
28749
27380
26087
28529
28467
28213
28682
28338
28030
28550
27724
28312
28713
28535
28586
28156
28261
25828
28202
28567
28317
28622
28144
1754
1040
27703
2513
26071
28035
28475
28160
28224
28511
962
28245
1991
2426
28409
2046
28363
28297
28492
28748
28518
28555
27708
28741
28293
28728
27835
28223
28201
66
2088
28367
28007
1769
28290
