Distance max : 481
7
23230
20466
1962
1835
9
26060
20465
18812
26102
1988
2304
39
26078
18
2366
2335
26062
26068
25
2334
20436
2360
32
2417
20433
53
25611
60
20437
26103
26129
46
15
25612
28688
25608
28324
28325
25547
27720
28019
2337
26063
26104
26061
26067
25717
26064
28692
26075
2414
2331
28337
28345
26073
25716
25713
25637
25913
26074
1237
28662
26066
1242
28023
24643
2390
26076
13
28327
1247
4039
28512
28738
28740
28497
1937
27694
23231
28494
28116
28484
25916
28691
1231
25641
26069
25202
1246
23189
1970
1234
25616
28665
25613
1244
1232
25640
26065
28739
1236
1239
1233
1238
28485
28486
1241
25615
28161
28694
28696
25723
26251
1230
26092
26120
28693
1235
26123
27607
21722
28732
28496
28489
28735
23192
25614
27707
28501
28339
28736
26252
28499
28714
2387
25766
28711
26110
26111
25643
26112
28737
28330
1243
25205
28335
26114
28334
28644
28336
24786
28495
28346
2365
28068
2403
25881
2582
26096
881
900
2361
26087
28504
28481
1941
1935
27716
28645
28698
2354
1002
2404
28668
28669
28357
1228
26091
234
28641
2356
28594
28700
27668
2329
1250
28321
28695
2034
27800
2321
2289
25618
1774
28699
27711
28702
25718
28358
28487
28648
1950
26109
28488
26085
25661
28490
28520
28647
2550
28326
26115
965
2336
2552
2551
28666
28322
1709
28743
20441
25926
1919
28646
28655
28649
28320
28716
28717
25621
2363
24789
25642
27714
27841
28718
1030
2515
1249
28545
25721
2078
28715
14
483
69
28341
26113
28323
28546
25719
27690
25644
28374
879
28656
1461
28670
28579
286
25769
28382
27124
28328
1669
8619
950
25662
25720
1
28720
28651
2315
962
25114
28524
28516
28425
28043
27381
28519
28725
28617
8620
2333
28667
25645
28413
2
28576
28602
23356
28205
28431
28719
24796
26081
25602
28106
28417
28342
28629
20438
20440
28514
28428
25884
28129
28118
28742
27712
28679
28378
2358
20443
25786
28359
2341
2330
28542
28158
28604
26071
28680
28353
25656
28686
910
28266
28701
28657
1659
2426
28268
28650
28112
27929
28671
28349
28681
28207
28440
28538
28182
28343
28551
28423
28099
28331
28231
1840
1991
2332
3428
28708
28026
28220
2513
3092
26070
28192
28400
28599
28684
28173
28492
28565
28332
28354
2044
28540
2323
1040
27829
28471
26082
28414
28741
28689
28439
28319
28406
28408
28483
28517
28723
28441
299
28482
28212
1667
28367
4038
27704
28672
28564
25947
28633
891
1005
964
28387
28608
28156
28730
28222
28250
28411
28253
28245
28509
28511
28252
25647
28581
25211
28012
27713
25234
2248
25901
28366
2668
28473
28605
28438
20439
28386
28040
28444
2679
28314
28389
28491
28506
26086
28547
28652
28190
1965
28259
28464
28529
25777
25931
28443
28373
28541
1967
28745
28081
28131
28550
28383
28721
28418
28734
28140
28020
28333
28421
28498
28376
28751
28690
28304
28432
28203
27735
2343
889
28356
28124
27849
28188
28170
28465
28480
28477
84
28543
28590
28567
28313
