Distance max : 182
2304
2366
20437
7
23230
1962
26060
1835
20433
1988
2360
2335
20436
9
20465
26102
18
20466
26066
25344
39
26103
32
25
26078
60
27714
26062
46
53
21722
234
1798
27695
2417
2334
2337
26129
27711
27722
27124
27668
26075
29
4039
27712
27713
27720
26073
25913
26069
27726
26076
26074
27721
20443
23231
26123
27724
1230
1237
25637
26120
26251
27702
1235
1937
2331
2414
27697
27699
27607
1231
25547
1239
25881
1241
27694
1236
27731
25202
2361
27696
27698
27701
2675
24786
23189
24643
1247
1242
1246
27707
25608
27
27716
1233
2354
27736
25611
1232
1238
27735
26252
1234
2403
1935
26061
26063
25205
25916
23192
299
27737
1840
2781
25713
1250
2390
1002
26092
1709
1830
1942
2329
1228
1941
2624
27125
1967
1249
28
2668
1950
286
962
25540
27709
27708
25766
26065
4023
2365
1244
1900
27672
26089
2670
2034
900
25786
26139
1229
965
1970
25926
881
1
1461
1919
27748
27705
26067
27666
27381
69
2387
2057
2063
2065
25114
27671
26064
26071
4038
879
1898
26091
22951
1965
2333
2049
964
2404
27745
1991
1669
27673
