Distance max : 171
2304
2366
7
1835
20437
2360
23230
26049
20465
20466
20433
20436
9
2335
39
1988
26060
1962
26062
26102
26103
25
18
26071
32
26066
46
26078
60
26129
53
26074
26065
26061
26068
2334
21722
27714
2417
27713
26075
27720
27722
27668
26069
27724
26076
1937
1237
27729
27711
1935
27712
26073
27124
2331
26067
2414
1230
27699
27716
2337
1236
1238
27707
22
25916
26252
1244
25611
1242
26064
25202
27607
1231
25205
27694
27696
27697
1233
23192
27731
1235
1241
25637
1246
1234
1247
27689
4039
2390
20
26092
26251
27735
25547
900
27698
27702
25881
1239
26082
26120
1250
24643
20443
24789
25766
25926
27672
2404
23231
25913
26123
1843
2670
1840
27701
26089
1232
2354
2387
27700
1002
27709
1243
2356
1900
25713
25590
27125
2321
1941
26085
1774
27452
234
2361
27686
27659
25608
1919
23189
2049
1898
2365
2403
1769
27736
27664
25656
27695
27708
2329
1965
2027
1228
21
24786
1709
895
26063
27671
2051
26104
27742
2624
1461
69
27279
27126
2034
286
27675
27662
965
27682
27680
