Distance max : 436
36
2335
20465
25547
24643
26060
2360
19091
1988
1962
39
26102
20433
2304
7
20466
1835
25612
23230
9
25
18
20436
2366
26062
26078
25641
2334
32
2417
25608
26103
28717
28719
25613
1232
25615
25611
1238
20437
28715
26074
25202
25205
26065
1239
25614
4039
23192
26061
25716
34
25616
25717
25640
28691
26064
26066
28718
23189
26075
25637
2337
26129
2414
1233
25916
1236
1230
28693
28696
28023
28716
1970
2331
28665
26073
26092
28328
1937
26076
28381
28382
28736
2356
26112
26113
28334
53
25713
25766
28341
25881
28489
25718
25720
28692
2354
28495
28497
1234
28714
26123
28695
26110
60
28335
27668
28494
26069
2390
26104
28330
28645
46
1235
25913
27607
24786
25769
28512
26120
21722
26251
28694
1228
26067
1231
27694
28496
25884
28501
28357
28337
1461
25721
26063
2329
28490
2034
28250
28481
28343
28503
28732
28735
28339
28161
27714
1950
27124
28688
28666
2387
27800
26111
26114
28324
28738
28739
26252
28740
28107
28516
28517
2582
27841
28320
28251
1002
28186
25645
28669
28499
28484
8619
26115
25926
28116
26068
28702
28345
28365
28370
26087
28322
28180
2403
2330
28519
1935
28485
25719
28314
28725
25642
28068
23231
2552
1
28369
28662
28641
28745
28721
28486
2361
28353
28697
28336
28504
28737
28358
28346
20438
28568
28411
28644
27712
28018
25644
881
1774
28700
28565
28698
2551
1250
28520
2289
20443
27707
27711
2365
28013
27716
28620
1247
25662
28393
28647
28031
26109
1246
28668
25656
26071
1241
28258
28266
28606
28533
28670
234
28156
28385
28492
28543
28454
28071
28326
28033
20440
28344
27720
900
28649
25643
965
28551
2404
28646
28189
2513
28429
26096
28151
2423
28648
1244
28117
2248
28586
28491
2078
2321
35
28710
28108
1237
25928
20439
950
28169
25589
28239
28438
28477
28711
964
27734
28332
28027
603
2332
27727
28216
28509
28612
28590
28325
26070
28483
28482
28225
1919
28236
28617
28083
25885
26086
28391
28457
28527
28530
2336
28521
28321
28650
28051
28026
28390
28144
28750
27842
3092
2363
28511
28566
28602
28588
28463
28535
28124
28142
28446
28103
1040
28591
28686
28228
27745
28456
2054
28100
28372
25828
24789
28607
28066
28712
28342
28167
28133
28706
2343
28386
28043
28596
28544
28041
27801
25431
28741
28315
28214
28130
28728
28407
28525
27844
28540
28351
28582
28585
28523
28667
28487
28632
28126
28383
28237
28128
27700
27702
28191
27450
28594
28229
2670
2426
28630
28276
25618
28084
25723
28274
28102
1991
28327
28578
28297
28331
28389
28206
28635
28123
28281
28445
28240
28259
28559
2341
28096
8620
28488
28638
2315
28404
20441
28168
27837
28366
28459
2550
28093
27741
23356
28230
25899
1030
28137
28377
28054
