Distance max : 501
7
23230
1835
1962
9
20466
26102
25344
26060
2304
26078
20465
1988
2366
2334
20436
39
18
2335
26063
26066
32
28688
25
20433
25611
2417
60
2360
26061
26067
46
20437
26103
53
26129
4039
234
1798
25612
25637
2337
29
25713
25717
28497
28504
25608
26074
26065
26075
1237
2331
2414
26073
25641
26076
25913
28337
1234
28116
28496
25613
28023
23231
26068
25202
25615
25716
25916
28735
28334
28336
2390
1242
1241
26104
25547
1244
26069
28691
28693
28694
28692
26062
24643
1246
1935
27694
1231
1235
25616
27607
28501
28343
1239
25205
2387
1238
1937
25640
1230
1233
27
26092
28323
1247
28711
24786
1970
1236
26123
28335
1232
23189
28737
28740
26111
26114
2356
28716
28718
25614
23192
25645
2361
28717
28161
28736
26251
26110
28505
28714
26252
25881
28715
28662
2354
28494
26120
28696
28068
2582
28503
26113
28719
28432
28495
21722
28695
2329
28669
28670
28738
2403
28732
26064
28339
28590
1941
28645
25766
2404
27712
26115
28345
27716
28330
28382
26112
1002
28665
28483
28346
965
2365
28739
28400
25721
28341
1950
28644
28499
25618
27714
28512
20440
28482
28641
28666
28418
28037
28320
28355
20438
1774
8619
28490
2363
25643
26109
8620
28667
28668
2336
28325
28327
2552
2034
20439
27841
28648
900
25926
28019
28649
28554
28364
1709
25662
27124
27668
1228
25720
28381
881
27720
23193
28321
28699
1243
1249
1919
20443
28365
28366
28743
27713
26096
69
25718
28486
299
28328
25621
2551
2078
28369
28617
20441
1669
28487
28488
28729
28502
895
26081
28332
28326
28646
25644
28380
1229
962
2333
28489
28700
28484
27707
28368
28118
1250
28602
25661
25719
2330
2289
1030
3428
28651
25723
28114
25884
28702
26139
28598
28698
28075
28076
26070
25786
28574
25590
1
28378
28358
28374
28727
26091
28222
27929
2423
950
27451
1942
1991
1325
28745
286
2513
28545
2248
27800
23356
28485
28353
28741
25642
28519
28360
28672
4023
25114
1898
28528
2426
24789
2315
28080
28194
28383
28647
28481
28035
28067
28
25540
28681
28113
28397
28357
2332
1840
28185
28329
1040
28449
28726
28094
27858
1769
28608
28384
28480
28652
27861
28535
28042
28372
28538
28091
28721
28555
28361
28292
28350
2081
28492
28388
26071
66
28039
28629
964
26085
28007
28744
28111
28705
28178
25647
28749
28573
28592
28046
28307
28207
25947
1967
28541
28671
2057
2063
28722
28679
27125
28678
28143
28396
28724
1461
28385
483
1830
2080
28623
28462
28398
1993
25211
25769
28611
2341
28290
27717
27718
28356
28073
28720
27983
28586
28680
28656
1659
28394
28564
27760
28029
2358
28657
28105
28017
28375
2321
28458
28563
27381
28288
28558
28370
3092
28196
2088
28534
26683
28525
2679
27705
28479
28517
26087
28507
28302
28514
28544
28723
28539
28475
28393
28331
28322
28025
28747
28543
28597
28412
2323
28158
28557
26086
28663
28285
1754
2068
1753
889
28660
28379
28015
28324
27722
28279
28149
28516
28473
28576
2668
28135
28402
28395
28579
28377
28600
28234
28468
28421
28491
28106
28433
28030
28014
28527
2027
28386
