Distance max : 126
2360
19091
1835
36
2335
1988
25547
2304
2366
20437
26067
1962
20436
7
20465
39
20433
26102
20466
27724
26060
26103
9
24643
23230
18
27720
32
27712
25
27696
27701
21722
26076
26074
53
27668
26075
27722
27713
27694
26073
1935
23189
26123
60
46
26078
26251
26252
27711
1231
27707
26092
26129
27714
26062
23192
27607
27716
34
2414
25637
26064
2337
26089
1232
1991
27672
25881
25611
2331
1233
4039
25202
27685
1937
26065
1950
26069
1228
1239
1238
25913
26104
25713
1235
26079
1840
2059
26063
27686
1241
27718
2390
25766
1230
27698
1234
2417
1247
26120
483
25589
2365
26061
1236
20443
1242
24786
25205
965
26082
27665
27735
1244
964
26068
26070
2
27731
2387
27663
25916
1461
26071
234
900
27727
23231
25947
27671
35
27704
2670
27706
