6406 6411 178
2484 5179 56
50 2737 28
7 5295 27
50 2888 24
5044 6363 24
50 5044 23
5048 5179 20
2603 6363 19
5179 6363 18
2737 2888 17
2888 11586 17
5073 5098 16
2737 6363 16
50 11586 15
50 53 15
4342 6363 15
7 5304 14
5098 5180 14
6842 6847 14
2721 2888 14
6363 11585 14
2737 5044 13
6363 8291 12
6399 6490 12
7 18 12
5175 6363 11
4373 6363 11
50 6397 11
2721 2737 11
50 2721 11
18 5304 10
2484 5044 10
5164 6397 10
7 5179 10
2721 11582 10
7 50 10
2888 5044 10
5180 11023 10
6363 6387 10
2737 11586 10
2737 2747 10
5044 6397 10
2603 11586 10
6387 6847 9
6411 6842 9
2888 6363 9
5180 6387 9
2721 2780 9
2737 11585 9
6363 11586 9
6363 6477 9
364 11482 9
5073 5180 9
5180 11084 8
6387 11023 8
11585 11586 8
5180 6490 8
6490 11084 8
5098 5295 8
5280 8291 8
5048 11023 8
11023 11084 8
6387 6842 8
5304 6363 8
5098 5101 8
5130 5180 8
5180 6477 8
6423 6506 8
2780 6363 8
6842 6871 8
50 11585 8
2780 6387 7
2737 6397 7
2603 5044 7
5295 7514 7
5098 6387 7
5073 6490 7
5048 6363 7
2888 11585 7
7 6490 7
6842 11582 7
4628 6363 7
4342 11582 7
6363 6847 7
2888 11587 7
2721 6363 7
6423 6490 7
5180 6363 7
7 6363 7
5098 11023 7
7 5305 7
6490 6506 7
5073 11023 7
6477 11023 7
6842 8291 7
2721 6387 7
6363 6411 6
1301 6363 6
5709 11582 6
2780 5179 6
6411 6490 6
2888 11582 6
6490 11023 6
2603 2780 6
6871 8291 6
50 5048 6
5164 6363 6
7 6397 6
5709 8291 6
6436 6847 6
2979 6871 6
5280 8332 6
2780 6477 6
6412 6847 6
4342 8291 6
5164 5709 6
2721 5130 6
2737 2810 6
5709 6363 6
7 11585 6
6399 6842 6
6477 6490 6
2888 6397 6
5044 11586 6
5073 6477 6
2737 11587 6
50 6411 6
5179 8291 6
2888 6842 6
5175 6387 5
2603 4342 5
2721 6477 5
2737 2780 5
6387 6506 5
5293 5302 5
7 5044 5
2721 2747 5
2603 2888 5
2747 5164 5
5073 11586 5
5283 6506 5
2737 4342 5
5073 6506 5
2721 5179 5
6399 11084 5
7 2721 5
7 5283 5
2721 4342 5
5073 11585 5
5304 6490 5
5295 5305 5
9 5179 5
5073 5101 5
5101 6506 5
1301 6847 5
5175 8291 5
5164 5196 5
5180 5305 5
5164 6387 5
2780 5130 5
2603 2721 5
50 5073 5
6387 11398 5
6490 6871 5
2721 6871 5
6363 11582 5
2747 8291 5
4342 6847 5
2747 5073 5
2780 5073 5
4342 11585 5
2747 5130 5
2747 6387 5
6477 6506 5
6411 11059 5
2721 11586 5
2721 6842 5
4342 11586 5
2721 5044 5
5101 5180 5
2888 6506 5
2603 6490 5
5073 11084 5
7 6387 5
2780 11582 5
2888 5164 5
5164 11582 5
5073 6387 5
6363 6397 5
5305 6506 4
2737 5101 4
6423 6436 4
5305 6387 4
5709 6847 4
7 9 4
6387 6477 4
2747 5098 4
7 5285 4
5098 6871 4
2780 2888 4
2780 6506 4
5179 5180 4
5101 11585 4
4342 5179 4
5073 5302 4
2721 5283 4
2747 11586 4
2747 4342 4
2888 6490 4
5293 5295 4
5179 5295 4
6506 6842 4
50 4342 4
6506 11084 4
53 5309 4
2780 2810 4
5098 5296 4
2888 5073 4
5048 5180 4
5164 8291 4
5304 6399 4
6387 11585 4
2603 11023 4
7 11023 4
5196 6847 4
4342 6423 4
2747 5305 4
2721 6847 4
2780 4342 4
6363 11587 4
5098 6477 4
50 5179 4
5179 11023 4
6423 11023 4
2780 11586 4
5098 11586 4
18 6399 4
6477 11084 4
18 5305 4
6387 6490 4
6411 6824 4
7 11586 4
6490 6842 4
2479 2737 4
6387 6871 4
7 2737 4
5180 6506 4
2888 5098 4
2780 6490 4
2747 2979 4
2888 6411 4
2721 5164 4
2780 5098 4
5164 6871 4
1076 6842 4
2721 5101 4
6387 11582 4
2888 8291 4
6426 6842 4
5283 11023 4
5274 6482 4
5101 5305 4
5048 6477 4
4342 6399 4
50 11581 4
5048 5098 4
6847 11585 4
2810 2888 4
2780 5283 4
50 2479 4
6436 11084 4
4373 11586 4
5175 11023 4
5098 6506 4
5309 6490 4
5101 5130 4
5709 6842 4
1014 11586 4
50 5101 4
5164 6842 4
2484 5048 4
5175 11587 4
2780 5309 4
2737 6387 4
6363 6842 4
6842 11585 4
5073 5305 4
5280 5295 4
5098 5304 4
6490 6847 4
2780 5048 4
5304 5305 4
5175 11586 4
4486 5709 4
2603 4373 4
2979 5709 4
8291 11585 4
5130 5283 4
4492 6847 4
2721 5709 4
5295 5302 4
2747 5101 4
1076 2603 4
2603 2747 4
5283 6363 4
2603 5098 4
2603 6387 4
5283 6387 3
2780 8291 3
50 2747 3
5098 5283 3
2747 5302 3
5073 6871 3
7 6847 3
5274 11582 3
5101 5274 3
5098 6842 3
2484 2888 3
2737 4374 3
7 7453 3
4486 6842 3
6387 11084 3
4342 11084 3
2780 5295 3
5073 8291 3
6477 6860 3
5101 6488 3
2737 11582 3
18 6490 3
2888 5293 3
2820 2888 3
6436 6842 3
6387 11574 3
6363 11023 3
4628 11582 3
2737 5164 3
2888 6847 3
5180 6423 3
11585 11588 3
6423 6477 3
6411 11084 3
6412 11585 3
2979 6490 3
5295 11586 3
2815 5295 3
4342 5073 3
50 2484 3
5175 6871 3
2888 5309 3
6490 11586 3
5073 6847 3
4342 5180 3
4446 6387 3
4373 6842 3
2603 2737 3
2747 5709 3
5295 11084 3
7 2888 3
4446 4486 3
5305 6399 3
2747 6842 3
5709 11023 3
5709 6423 3
6490 11398 3
6813 6847 3
2737 5305 3
2484 8291 3
1301 5044 3
2721 2810 3
50 2810 3
6399 6423 3
6492 11574 3
11023 11059 3
2810 6363 3
1014 8291 3
5295 11023 3
5073 5295 3
2810 11586 3
5044 5285 3
5073 5709 3
5098 5175 3
22 2888 3
4342 6387 3
4419 6363 3
8291 8294 3
6411 11023 3
5098 6490 3
6411 6506 3
50 6396 3
53 11023 3
7 5048 3
5098 7514 3
2747 5293 3
6363 7302 3
1076 11586 3
6423 6426 3
5305 11084 3
2747 2810 3
2737 6477 3
5164 5167 3
18 5044 3
4342 6842 3
5044 11585 3
5130 5305 3
50 6387 3
9 6477 3
1014 1301 3
2747 6436 3
7 1301 3
4342 4373 3
25 5044 3
6506 11023 3
2603 5179 3
6423 11398 3
11398 11582 3
4419 5709 3
5295 5304 3
11084 11398 3
2747 2888 3
50 11587 3
2603 5304 3
5048 6387 3
4342 5709 3
6363 6814 3
2603 5130 3
2780 5180 3
5293 5304 3
6847 11574 3
6847 8291 3
5283 5295 3
5048 6397 3
6387 8291 3
5305 11023 3
4342 5101 3
6399 6411 3
666 669 3
50 11588 3
6506 6847 3
6423 6842 3
5179 6506 3
5044 6842 3
6477 11059 3
4342 5283 3
6399 6506 3
5180 11582 3
2721 4486 3
7514 11582 3
5179 6387 3
2747 11582 3
7 5175 3
6399 6847 3
2780 11084 3
1301 4492 3
2737 5179 3
4373 6397 3
2721 7514 3
5180 5709 3
50 6490 3
50 6847 3
2721 5073 3
50 5164 3
2747 5274 3
11023 11582 3
53 2603 3
2979 5101 3
5274 6871 3
2603 11582 3
2888 5180 3
4446 6363 3
5098 6488 3
2721 11585 3
5305 11575 3
5709 11586 3
5175 11585 3
5304 6387 3
6847 6871 3
2747 6477 3
6436 11398 3
5098 11574 2
5180 5274 2
7 11482 2
6506 11574 2
5709 11237 2
2382 11582 2
5130 11574 2
18 11023 2
2832 5302 2
4342 6477 2
6490 7514 2
5164 11586 2
2721 11587 2
2815 2888 2
6387 11059 2
50 1301 2
1014 1076 2
11575 11586 2
5179 11582 2
2479 6363 2
519 521 2
5180 6492 2
5098 11575 2
2721 5295 2
6411 11587 2
2780 5297 2
6436 11023 2
4446 6842 2
5044 11587 2
7453 11574 2
5175 6847 2
6813 6816 2
4486 6477 2
5283 5305 2
1014 5180 2
7 2780 2
1014 2747 2
5130 11398 2
1301 6842 2
2737 6423 2
1301 2888 2
7 2484 2
7 4342 2
5304 6477 2
5293 6387 2
2810 6871 2
6426 11398 2
2832 2888 2
6436 6490 2
2780 6399 2
6363 6824 2
25 6363 2
1301 2737 2
50 4373 2
5098 6363 2
5164 5179 2
4628 6847 2
5302 6842 2
5101 11586 2
6506 7514 2
6842 11059 2
2820 11023 2
5280 5297 2
5044 5175 2
2862 2888 2
1014 5073 2
11585 11587 2
5164 5175 2
5295 5297 2
5285 5304 2
2603 5274 2
2810 6477 2
2747 11023 2
50 11582 2
2780 6842 2
4446 5048 2
2603 5048 2
5309 6363 2
6397 6411 2
2780 5709 2
7453 11059 2
2780 11023 2
5098 5130 2
7 6399 2
7 6871 2
6387 6412 2
2747 5175 2
5283 6423 2
4446 5164 2
5180 5295 2
5048 6490 2
5048 5283 2
6490 11059 2
6477 6842 2
1755 6842 2
5302 5309 2
5309 6436 2
5285 6404 2
6847 11582 2
5130 11023 2
11586 11588 2
2721 11084 2
5305 6490 2
4446 5709 2
6842 7453 2
6815 6847 2
2888 4373 2
5098 11398 2
1076 2820 2
6477 11585 2
6847 11398 2
2888 5048 2
5130 6490 2
4342 6426 2
5098 5302 2
2721 2815 2
5164 11023 2
2810 6387 2
2484 2780 2
2820 5180 2
6363 6399 2
2721 8291 2
6492 7514 2
6842 11587 2
5127 5130 2
7 521 2
668 2888 2
5101 5283 2
2747 5180 2
1076 5274 2
4460 5709 2
2737 11052 2
4342 4419 2
5073 5130 2
6399 8291 2
1755 5073 2
5295 6426 2
4342 5164 2
6363 6506 2
2603 6411 2
4486 4628 2
2780 4372 2
2737 5130 2
2979 6436 2
2780 6423 2
7 4486 2
5283 5302 2
2747 2862 2
5179 6847 2
2815 6399 2
4342 4492 2
2747 2820 2
53 2780 2
2721 6426 2
5175 11582 2
5309 6399 2
2810 2889 2
4373 5180 2
4419 11586 2
4342 5098 2
2810 11585 2
7 4373 2
5164 6490 2
9 6490 2
2979 6363 2
4373 5044 2
5280 6490 2
6363 7453 2
5130 7514 2
2747 4460 2
5180 6842 2
6816 6817 2
2780 5304 2
2603 6397 2
6506 11582 2
50 5709 2
2979 5283 2
2810 6842 2
2888 6477 2
2721 11398 2
4342 6490 2
2721 5065 2
6412 6492 2
1076 6477 2
8291 11023 2
5304 11582 2
2603 2820 2
6847 11587 2
2979 6387 2
50 2780 2
2780 2815 2
2889 11587 2
2721 5285 2
11574 11586 2
6426 6506 2
2747 6490 2
4373 5179 2
5130 5274 2
2888 5295 2
5283 6426 2
6387 6399 2
5044 5073 2
5098 5164 2
2780 5305 2
4372 6842 2
2721 4373 2
6847 7453 2
2979 4342 2
2737 6490 2
50 521 2
2780 5044 2
2888 4492 2
6412 7453 2
2603 6847 2
4374 6411 2
4486 8291 2
5127 11084 2
5048 6399 2
1076 5101 2
4419 5283 2
2888 4342 2
2979 6477 2
5280 5281 2
5164 11585 2
5044 5048 2
6436 11586 2
6871 11585 2
6488 6871 2
6387 11482 2
5130 11586 2
2979 6842 2
7453 7514 2
4492 5283 2
6426 6490 2
6482 6488 2
6436 11582 2
2737 5709 2
6847 11023 2
2888 5302 2
2780 6400 2
7514 11084 2
2810 5044 2
4446 6847 2
1014 5196 2
5130 6477 2
6397 6793 2
5098 5305 2
5280 6399 2
2820 2979 2
5283 5285 2
4628 8291 2
7 53 2
1076 6490 2
5044 11582 2
22 6506 2
6411 7453 2
6387 6423 2
6871 11023 2
5127 5179 2
5101 6842 2
4446 6436 2
22 50 2
9 5304 2
6824 11023 2
2979 6860 2
1301 2721 2
4446 8291 2
4372 8291 2
6411 6423 2
5295 11575 2
5304 11023 2
2820 5101 2
1014 6477 2
4492 4628 2
2780 6824 2
25 5295 2
4460 11582 2
2979 6488 2
4492 8291 2
2747 2780 2
5283 5293 2
2747 11575 2
5127 11582 2
1301 6399 2
5048 5295 2
2747 6506 2
6436 8291 2
5297 11023 2
7 6842 2
5044 6847 2
2780 2862 2
4373 6411 2
2780 11585 2
5130 6847 2
6423 11084 2
25 5304 2
4342 5285 2
1076 11585 2
4342 11023 2
7 6411 2
53 5098 2
5180 5283 2
6477 6824 2
5101 11023 2
5295 6490 2
4373 11585 2
5073 5175 2
2721 6423 2
2888 5179 2
5180 11574 2
6817 6871 2
5073 5283 2
5073 6392 2
6399 6426 2
6477 11582 2
2780 6397 2
18 1301 2
4374 5164 2
25 50 2
1246 11585 2
6482 11585 2
18 6363 2
1076 1301 2
2815 6847 2
6871 11586 2
2484 5180 2
7514 11574 2
5101 6492 2
2888 5305 2
50 5949 2
5274 6436 2
2815 2979 2
2776 6490 2
5179 6842 2
5098 6860 2
2810 2979 2
7 2603 2
666 7298 2
2484 4373 2
25 5179 2
5101 7514 2
7 5164 2
5073 6824 2
25 6490 1
9 8291 1
5048 6506 1
2820 5302 1
5285 6411 1
2721 5305 1
2721 5302 1
2979 5296 1
4486 5164 1
6426 7514 1
32 50 1
6813 6814 1
2721 6490 1
2382 2737 1
2603 11587 1
2776 6477 1
2747 2815 1
4460 6847 1
5073 5290 1
2737 6426 1
6814 6871 1
6396 11585 1
9 6506 1
2810 5164 1
2979 5127 1
2737 4419 1
2780 2820 1
668 11586 1
5295 5296 1
6813 6820 1
2815 4342 1
50 6363 1
4373 4419 1
4492 6490 1
5130 6423 1
5179 5285 1
2780 11398 1
4373 6506 1
6397 6490 1
5295 11582 1
5044 5297 1
6842 8294 1
2479 2888 1
2747 6871 1
519 4342 1
53 6490 1
2979 5073 1
6871 11582 1
4446 11586 1
5101 6412 1
6412 6871 1
4373 6490 1
6423 11059 1
5098 6847 1
1301 5048 1
5101 6363 1
53 5048 1
6363 11084 1
2820 2832 1
4374 6793 1
2721 2979 1
2721 5296 1
6392 6399 1
6423 11582 1
6477 6482 1
5180 6488 1
2832 2979 1
6842 11586 1
4628 5274 1
5101 5293 1
5098 11084 1
4342 6392 1
5274 6506 1
6404 6450 1
6363 6436 1
6399 6824 1
5167 11586 1
25 11023 1
2737 5295 1
6386 6392 1
5098 11582 1
5164 6793 1
2737 2815 1
6363 6476 1
2815 5302 1
6436 11585 1
2979 11585 1
5196 11582 1
53 2888 1
5285 5305 1
5283 11084 1
4342 5274 1
1014 6363 1
6490 8291 1
25 11585 1
32 2888 1
2910 5304 1
6424 6426 1
6387 7514 1
2780 11575 1
5065 6387 1
4446 4628 1
2737 11588 1
6426 6477 1
2780 4373 1
6387 6411 1
6436 6477 1
4460 11398 1
5293 11586 1
5179 6397 1
5273 5295 1
6399 6404 1
6436 6824 1
2721 11059 1
5175 6842 1
2747 5283 1
18 2737 1
18 50 1
53 6477 1
2776 6387 1
5179 5304 1
1076 5130 1
2484 5073 1
5295 11482 1
5295 6824 1
4342 6506 1
6426 6436 1
1014 5709 1
9 11586 1
1755 11585 1
669 5305 1
1014 5305 1
4628 5196 1
11586 11587 1
2820 5179 1
5101 11575 1
6440 6450 1
2888 7514 1
4486 4492 1
5180 8291 1
25 11587 1
5073 6813 1
1076 6387 1
4460 5101 1
4419 5164 1
2815 6363 1
2820 11586 1
6488 8291 1
5065 11023 1
5180 11482 1
6362 6423 1
4373 5280 1
2747 5297 1
5304 11059 1
4342 11482 1
2979 6506 1
4373 8291 1
6477 7514 1
4628 6412 1
5175 6477 1
5179 5293 1
2820 5309 1
1076 5065 1
2889 5073 1
18 5179 1
11582 11585 1
2603 6842 1
5283 7514 1
2737 11023 1
2721 6492 1
6363 6412 1
1076 4419 1
1076 4486 1
22 2737 1
2979 6399 1
4446 5293 1
4486 6490 1
6477 6847 1
6488 6842 1
4446 5101 1
5180 5296 1
6488 6559 1
5302 5305 1
5127 6842 1
4342 4446 1
5098 8291 1
6423 8291 1
5296 6490 1
4628 5164 1
2888 11084 1
2780 2979 1
5179 11587 1
7514 11023 1
2780 2849 1
6396 6490 1
6393 6400 1
25 5302 1
6813 6815 1
2820 5295 1
7 5709 1
6412 11482 1
2603 11482 1
5196 7453 1
5296 5305 1
11581 11582 1
2888 11052 1
6824 6842 1
5283 11586 1
2820 5296 1
8291 11582 1
53 5305 1
2747 11052 1
2747 5295 1
2737 5283 1
2979 5293 1
5285 5295 1
53 5304 1
7 5274 1
5285 6490 1
5044 5179 1
5302 6387 1
18 6423 1
2747 6426 1
2721 6399 1
6426 6440 1
7 25 1
1246 11586 1
2979 6492 1
6814 6817 1
4373 8294 1
4492 6842 1
521 5073 1
5073 5293 1
2810 5101 1
2888 5101 1
5295 7298 1
2888 11588 1
5130 6412 1
2780 5127 1
7 11084 1
7 2889 1
2979 11398 1
5295 5709 1
5709 6436 1
2479 11585 1
2479 11586 1
5073 6400 1
2888 6482 1
2776 11084 1
2737 5309 1
5285 5296 1
9 18 1
7 11581 1
53 521 1
5179 6871 1
1014 2603 1
5285 5293 1
5164 6488 1
1014 2820 1
2815 5309 1
2862 5098 1
2815 5098 1
4460 5073 1
1246 5164 1
7298 7300 1
5164 6847 1
5283 6399 1
9 50 1
2888 5127 1
8291 11586 1
6400 6824 1
6423 6424 1
1301 6813 1
1076 6482 1
2721 2862 1
2737 2820 1
5180 6412 1
5130 11582 1
5302 6400 1
6490 11582 1
5180 11398 1
2603 4374 1
9 2815 1
22 666 1
2737 7514 1
2780 7453 1
1014 6490 1
4661 6488 1
1076 5175 1
4373 5073 1
5179 5297 1
6492 11582 1
5101 6477 1
521 4486 1
11084 11482 1
2888 5285 1
4373 5175 1
6477 6492 1
5101 6411 1
6363 6488 1
6412 11574 1
4342 11587 1
1076 11023 1
1076 2747 1
6387 6426 1
5709 6871 1
2889 11585 1
2810 5175 1
5127 5304 1
2820 6423 1
6426 6482 1
6486 6487 1
5044 5305 1
2737 6871 1
6824 11059 1
2737 5073 1
5164 6477 1
9 5295 1
2747 2832 1
4342 6824 1
5175 6396 1
6860 11586 1
5164 7453 1
5283 6860 1
5130 5295 1
5127 7514 1
4460 5098 1
2747 6423 1
5283 6847 1
6426 11586 1
5044 6477 1
18 6387 1
519 11586 1
2815 5293 1
6824 7453 1
11574 11585 1
6816 6820 1
6387 6488 1
9 6871 1
2737 6399 1
5274 5285 1
18 5164 1
9 5293 1
5283 6436 1
5709 6490 1
4342 5296 1
2888 6387 1
2737 6847 1
4446 6871 1
2862 6387 1
5065 11398 1
25 11586 1
1073 6399 1
7 6506 1
5101 6387 1
6842 11023 1
2382 4342 1
2815 11575 1
5196 6363 1
5073 5296 1
2780 4460 1
5297 6399 1
6363 6860 1
669 5304 1
2888 6824 1
2780 6847 1
7 22 1
5130 6387 1
6847 6860 1
7 4374 1
1755 5297 1
4374 5048 1
25 2721 1
4486 6847 1
2603 5101 1
5130 11084 1
2832 6423 1
5295 6506 1
53 11586 1
50 6842 1
5296 11084 1
2979 5274 1
25 2979 1
22 6411 1
2810 5098 1
25 6842 1
5305 6392 1
5293 6506 1
6450 11582 1
2484 6793 1
1014 4492 1
11023 11574 1
2737 11084 1
2382 2888 1
2721 11574 1
2603 5949 1
5073 6842 1
4492 6477 1
2721 6482 1
6387 6392 1
5075 11084 1
7 4419 1
4372 4492 1
4372 4446 1
1301 6477 1
2780 6411 1
5293 11084 1
5283 11398 1
4460 11585 1
6824 11398 1
2737 6392 1
6399 11586 1
4373 6387 1
2888 6871 1
5273 5274 1
5179 5305 1
22 2979 1
7 5309 1
6404 11023 1
5179 8294 1
2747 11398 1
4486 6411 1
5130 6824 1
6824 6847 1
6372 7301 1
6871 11084 1
2888 5296 1
2737 5098 1
18 5285 1
4446 5180 1
2721 4419 1
5130 11052 1
2979 11023 1
2737 4486 1
669 11585 1
5274 11023 1
2979 11237 1
5180 6411 1
1014 7453 1
6436 7514 1
6397 11586 1
2815 6477 1
1246 5273 1
50 11023 1
4372 11582 1
5709 6824 1
25 5293 1
5065 5073 1
4486 5180 1
5305 6423 1
1301 4342 1
2810 6847 1
50 2979 1
668 669 1
25 4342 1
1076 2737 1
1246 2721 1
5709 6412 1
5065 5130 1
7 5101 1
5048 11582 1
50 5285 1
1301 5285 1
2737 11398 1
5098 6436 1
5098 5179 1
7 5098 1
2832 5295 1
6363 6871 1
5305 6411 1
2820 4342 1
6871 11059 1
1076 5127 1
2603 5175 1
5098 5196 1
6817 6820 1
2747 6492 1
2737 6824 1
5273 11586 1
5130 5309 1
5285 6423 1
50 5167 1
6406 6423 1
2780 5101 1
1014 2780 1
9 6363 1
5295 6842 1
5073 6492 1
2484 5101 1
6814 6819 1
5196 6842 1
32 5044 1
2484 6842 1
2780 5274 1
364 5044 1
1301 5304 1
6490 11574 1
25 6397 1
2721 6436 1
6492 6506 1
4419 5098 1
4628 6506 1
11023 11398 1
2721 11023 1
5048 5073 1
4419 6477 1
5130 5293 1
5709 6387 1
5044 6411 1
5302 11575 1
5179 6490 1
2747 6847 1
2979 5164 1
5175 5709 1
5180 5297 1
6450 6474 1
5164 6482 1
6815 6871 1
4628 5283 1
6397 11587 1
50 6506 1
2484 6399 1
6399 6477 1
53 5302 1
5098 7453 1
5304 6362 1
5065 5127 1
5309 11084 1
1246 4342 1
2820 4486 1
5127 6490 1
1301 5179 1
5180 6871 1
4460 6436 1
5709 6506 1
25 2737 1
2780 6436 1
2810 5130 1
2820 5283 1
6399 11023 1
6506 11398 1
1076 5098 1
2979 6423 1
2479 11588 1
2721 5304 1
8291 11398 1
2721 4492 1
5044 5081 1
5130 6871 1
6392 6393 1
2815 5283 1
50 8291 1
11398 11585 1
1076 6871 1
1301 5305 1
8291 11059 1
2815 4446 1
4419 11398 1
2737 5127 1
9 6387 1
5044 6506 1
4486 6399 1
2979 11582 1
5302 5709 1
9 5305 1
6400 6423 1
5130 6436 1
1755 2780 1
1076 2721 1
1076 6847 1
5305 6477 1
5101 5196 1
2888 5297 1
2780 4486 1
6399 7453 1
5283 6842 1
6363 6490 1
1076 8291 1
521 4342 1
11084 11582 1
5305 6363 1
9 5098 1
6474 6475 1
4419 5295 1
2484 6397 1
5073 11582 1
2747 4373 1
5127 5283 1
2820 11575 1
5297 6387 1
1301 6482 1
2484 2603 1
5048 11587 1
5130 6842 1
5196 6871 1
5044 7301 1
5295 6412 1
2747 11585 1
50 6488 1
2815 6387 1
2849 11237 1
6506 6559 1
5130 11575 1
5101 5302 1
4492 6399 1
4628 5073 1
6813 6842 1
2737 5274 1
6488 6490 1
5101 5296 1
5274 5302 1
2603 6871 1
11398 11574 1
1301 2603 1
6475 6476 1
5044 6819 1
2888 11059 1
521 5709 1
2776 2979 1
5285 11575 1
6363 6386 1
5130 6506 1
6486 6871 1
2862 11585 1
5180 6487 1
5098 5273 1
7 11584 1
4419 8291 1
2747 6363 1
521 2737 1
5293 5305 1
50 2820 1
2603 6399 1
6399 11582 1
6363 11059 1
2721 2820 1
2862 4419 1
2737 5196 1
2979 5179 1
6816 6871 1
25 5175 1
5048 5304 1
6411 11582 1
5098 5293 1
2888 5709 1
6400 6406 1
5127 6387 1
5073 5075 1
2737 5048 1
5073 6411 1
4373 6847 1
6404 6423 1
5073 5309 1
7 7302 1
22 521 1
5075 6436 1
9 6482 1
4342 5280 1
5295 6847 1
4342 5167 1
2979 5048 1
7 5293 1
5283 5297 1
2737 6506 1
5274 11585 1
4372 11586 1
5302 6860 1
6392 11582 1
6392 11586 1
1301 11588 1
5293 8291 1
2737 6842 1
50 5081 1
2810 5180 1
2832 6842 1
2747 11084 1
4492 5130 1
11398 11586 1
4342 5293 1
5283 5304 1
8291 11052 1
5098 5285 1
2603 5709 1
6387 11575 1
5180 6436 1
2888 5130 1
4486 6436 1
6492 11585 1
669 11584 1
6814 6820 1
7 666 1
6488 11023 1
666 7300 1
2832 5101 1
1014 6412 1
2815 2832 1
2888 11575 1
2603 6423 1
5283 6824 1
11023 11585 1
4374 6397 1
5293 6363 1
50 6423 1
2382 11084 1
7 5167 1
2889 6397 1
2737 6793 1
22 6399 1
668 5044 1
2603 5167 1
5709 7453 1
2888 4486 1
1076 5179 1
2484 5175 1
1014 6506 1
9 11482 1
6399 6436 1
6842 11574 1
5101 11398 1
2484 4342 1
5073 5285 1
5297 5304 1
2780 6426 1
50 6871 1
6842 11084 1
5130 6492 1
2603 11585 1
4342 6871 1
6387 6436 1
6387 6824 1
1246 5175 1
9 4342 1
4342 5304 1
6813 6871 1
5179 6488 1
2862 5164 1
50 4374 1
1014 5164 1
6411 6847 1
5283 5296 1
1073 6363 1
7 2910 1
521 6387 1
6392 11084 1
2815 4486 1
2979 5305 1
7 32 1
5180 7514 1
5180 11575 1
2820 6436 1
6423 11585 1
5044 6387 1
5075 5130 1
2780 5285 1
1755 2603 1
5290 5302 1
50 2603 1
5283 11575 1
50 5293 1
2815 6506 1
521 5164 1
2820 6387 1
2979 4661 1
2979 5180 1
5274 11059 1
22 11587 1
668 2737 1
5073 11398 1
5949 6372 1
22 5101 1
5073 6423 1
4374 6363 1
2780 5065 1
2888 2979 1
5073 7453 1
5274 11586 1
5305 6847 1
6423 6847 1
521 11586 1
5273 6423 1
