5304 5305 36
2705 5179 36
5044 6363 20
2705 6363 19
2705 6387 18
2705 5304 18
2737 10984 16
5304 6363 13
4339 6363 10
2705 5180 10
2484 2705 9
2780 6363 9
5285 6363 9
25 2737 8
2705 5305 8
4342 5073 8
7 5304 8
5283 5304 7
7 5305 7
7 18 7
2780 4339 7
2479 10984 7
9 6363 7
2705 6506 6
5180 5305 6
5048 5073 6
5179 6363 6
5283 5305 6
9 2737 6
2565 6436 6
7 6363 5
7 5044 5
6363 10969 5
7 5283 5
5180 5283 5
6363 7978 5
2705 5290 5
5304 6506 5
25 5295 5
7 7302 4
5180 6399 4
5179 5304 4
7 2705 4
4342 5048 4
5073 6506 4
5044 6436 4
5295 6363 3
5304 6387 3
521 5180 3
521 2705 3
2484 6363 3
6372 10984 3
4339 6506 3
2705 5283 3
25 10984 3
668 10984 3
4342 5044 3
4339 5304 3
2849 5073 3
5295 7978 3
7 4339 3
6490 6506 3
6363 6490 3
1301 6363 3
25 5283 2
32 5283 2
2849 5304 2
18 6363 2
6399 6490 2
7 6362 2
258 2565 2
5305 6399 2
2705 2780 2
25 6387 2
5180 5304 2
5305 6411 2
15 10984 2
7 5285 2
7 32 2
5044 5048 2
25 6399 2
5180 6490 2
5283 6490 2
25 5285 2
5293 5305 2
2737 5295 2
1301 2737 2
5305 6362 2
4339 6387 2
15 5044 2
521 2849 2
5180 6387 2
4342 6506 2
521 5304 2
5285 7978 2
7 5180 2
2565 4339 2
5305 6363 2
7 5293 2
2737 6436 2
2780 5180 2
14 10984 2
7 6559 2
5304 6411 2
6363 6392 2
7 5274 2
6363 10884 2
6363 6387 2
2737 6490 2
5305 6506 2
5044 5285 2
5048 6363 2
5290 6387 2
25 2705 2
2737 2780 2
5044 10984 2
666 667 2
6399 7978 2
7 5295 2
2737 5304 2
5305 10980 2
666 7298 2
15 6363 2
2705 4339 2
18 5305 2
2737 10974 2
5179 5305 2
9 15 1
666 7302 1
5285 5295 1
4342 5295 1
5044 5179 1
2780 5285 1
2705 6399 1
5044 5304 1
9 6490 1
2780 5179 1
5127 5304 1
258 4339 1
667 10980 1
15 10974 1
4342 6490 1
6436 6482 1
5293 5304 1
2820 5305 1
520 6387 1
5295 6490 1
2484 5044 1
5290 5305 1
15 6362 1
2484 6399 1
25 5305 1
9 10984 1
520 2705 1
25 6392 1
2484 6506 1
5127 5283 1
5048 7978 1
15 6436 1
18 5283 1
2565 5044 1
5285 5304 1
5949 10980 1
7 10981 1
5290 5304 1
1301 10969 1
7 667 1
7 15 1
25 2484 1
2484 5073 1
1301 5180 1
4339 6436 1
5290 6490 1
5180 10984 1
7 6372 1
25 5293 1
668 5949 1
2849 4342 1
18 6387 1
15 668 1
32 5305 1
2484 5304 1
7300 7302 1
6387 6506 1
32 5304 1
25 2849 1
2484 5179 1
18 5304 1
9 5304 1
2737 5274 1
5098 5293 1
5304 6436 1
5304 6490 1
2484 6490 1
5098 5283 1
4339 5180 1
2780 10969 1
5044 5295 1
521 5305 1
2780 5295 1
2737 6506 1
7298 7300 1
5305 6490 1
2705 5295 1
2721 5305 1
2820 4339 1
2737 5949 1
7 9 1
5044 7978 1
9 25 1
4342 5304 1
520 5305 1
4339 7302 1
9 258 1
25 7978 1
5048 6490 1
25 668 1
4339 10969 1
5179 5283 1
521 6399 1
6372 7302 1
6363 6482 1
18 520 1
9 5295 1
668 2737 1
18 5949 1
2705 2849 1
2479 5180 1
6363 6399 1
5044 6392 1
9 1301 1
7301 10981 1
5073 5180 1
25 1301 1
2721 6363 1
5295 6506 1
5073 5295 1
1301 5304 1
5293 5295 1
7 2565 1
668 10974 1
5180 6506 1
5180 7978 1
25 5274 1
5295 7298 1
5044 6372 1
5180 6363 1
5295 5305 1
666 7301 1
2705 4342 1
