5274 6406 364
2705 5274 119
7 7302 103
2705 5180 36
5305 7302 17
7 5305 17
7 5283 16
2705 4342 16
2705 2737 14
5073 5130 13
2705 2780 13
2705 6363 13
2705 11582 12
5073 5098 11
5295 7302 11
2705 5073 10
7 5295 9
2780 2888 9
2705 6490 9
5304 5305 9
7 5304 9
2747 2979 9
2737 2780 9
5073 6506 8
5709 8291 8
2705 6387 8
5098 5302 8
2705 5709 8
2705 8291 8
5073 6477 8
2705 2721 8
2484 2705 7
2705 2979 7
6490 11023 7
5098 6477 7
4628 8291 7
5098 5180 7
2705 6477 7
4342 6387 7
2780 6387 7
5304 7302 7
2747 2888 7
5101 5130 6
2780 4342 6
5073 5101 6
5295 5302 6
8291 11582 6
2705 5179 6
2747 5098 6
5304 6399 6
4486 4628 6
5283 7302 6
2603 2705 6
6490 11084 6
6363 6436 6
1076 11586 6
7 6363 5
6399 6490 5
5048 6399 5
2888 2979 5
2747 6387 5
5073 11084 5
5709 6842 5
7 2721 5
2747 2780 5
2780 5073 5
5709 11582 5
2780 11582 5
5048 6363 5
2705 2747 5
6490 11585 5
6506 7302 5
6477 6490 5
2979 4342 5
5305 6490 5
5073 5709 5
5073 11023 5
5283 5305 5
2888 6387 5
2820 2979 5
6506 11398 5
7 6506 5
6399 6842 5
5073 6490 5
2888 5098 5
5283 5304 4
2747 5283 4
2780 5048 4
2705 5305 4
2705 6399 4
2737 2747 4
4492 5709 4
5180 11023 4
6477 11586 4
6842 6847 4
2888 6477 4
5274 6387 4
2780 6490 4
5283 5295 4
5709 6436 4
2721 5295 4
6436 11023 4
5098 5304 4
1301 6363 4
2979 5098 4
5101 5302 4
2747 5295 4
5130 6387 4
5048 6490 4
2721 2747 4
11059 11585 4
2705 2862 4
2737 11582 4
5285 6387 4
5180 11084 4
6387 6477 4
7 5180 4
4339 11582 4
5101 5180 4
6842 8291 4
2705 5164 4
2780 2979 4
5180 5283 4
6387 6490 4
4342 6842 3
6399 11582 3
4342 6824 3
1076 2705 3
5304 6477 3
2737 4628 3
1076 2780 3
6436 6490 3
5180 6506 3
6477 11084 3
2979 5101 3
4342 6847 3
2780 11398 3
5164 8291 3
2888 5073 3
2603 11023 3
5130 5283 3
5098 5130 3
6847 11582 3
2888 11586 3
1076 2603 3
2747 5101 3
2705 6847 3
2780 5098 3
6824 6842 3
6363 7302 3
4486 8291 3
7 18 3
5175 8291 3
5130 5180 3
2603 6399 3
18 7302 3
5305 6363 3
6490 6506 3
5164 5175 3
2721 5709 3
2737 8291 3
6436 6847 3
5048 11582 3
5073 7514 3
5283 5290 3
2721 5164 3
6436 7302 3
5098 6506 3
6426 6490 3
5098 5274 3
2747 4342 3
4372 11586 3
5101 5127 3
2888 5273 3
2888 5302 3
4342 4628 3
4342 11023 3
4342 6477 3
5098 6490 3
18 5305 3
2888 6490 3
5073 11398 3
7 2705 3
5283 5302 3
5295 11575 3
18 6363 3
6477 6842 3
6387 11585 3
4628 5709 3
5098 5295 3
5180 6387 3
2737 6387 3
5073 5273 3
5073 6436 3
1076 2888 3
2820 2888 3
5130 11586 3
2979 6842 3
18 2721 3
2603 11582 3
4492 8291 3
1076 2979 3
4486 6842 3
5180 7302 3
2705 11585 3
6387 11582 3
6399 6477 3
2721 4342 3
2721 8291 3
2820 5293 3
5709 11023 3
6847 8291 3
4342 5709 3
2979 11582 3
4342 5073 3
5305 6477 3
6490 11059 3
2721 11582 3
2705 5279 3
1076 6387 3
2705 11023 3
5175 6387 3
2737 2979 3
5709 6847 3
11023 11398 3
4446 8291 2
7 11482 2
2721 11583 2
258 2565 2
7 5048 2
5273 6399 2
6399 6436 2
5098 11023 2
1755 5073 2
2705 2888 2
2888 5101 2
5283 6399 2
6490 6847 2
2705 11398 2
7 32 2
5101 11084 2
11023 11586 2
2910 7302 2
2721 7302 2
2888 6399 2
5098 5290 2
1076 4342 2
6399 11084 2
2747 5709 2
2721 6477 2
5285 6477 2
5709 6490 2
1755 11398 2
2721 6490 2
53 4339 2
2888 11575 2
11084 11398 2
5130 11575 2
2603 6363 2
2979 6436 2
2705 11586 2
6399 6411 2
6387 6411 2
4628 6847 2
2780 5180 2
5101 6426 2
5098 11575 2
5290 5295 2
6392 7514 2
5295 6477 2
7 6436 2
2780 6436 2
5709 6387 2
5293 5302 2
5285 6399 2
4373 11023 2
4492 11582 2
5101 11398 2
5180 6477 2
11023 11084 2
6477 11023 2
6399 6412 2
1755 8291 2
5175 11582 2
6477 11574 2
5101 5283 2
5180 6490 2
2888 5304 2
5098 11084 2
5281 8291 2
4339 5098 2
6411 6824 2
5290 5302 2
2979 6847 2
2747 11586 2
1076 11582 2
6363 11582 2
6387 8291 2
1301 5709 2
4372 6871 2
4486 6847 2
2888 5305 2
2705 5283 2
6490 11574 2
2979 6477 2
2776 7302 2
4342 8291 2
2888 11398 2
6411 6477 2
7 6399 2
2705 6824 2
6363 11059 2
5180 6842 2
2815 5709 2
25 6363 2
6490 6842 2
5293 5304 2
5273 5283 2
2737 6477 2
6387 6436 2
1014 6477 2
5273 5285 2
8291 11023 2
2705 5048 2
11398 11585 2
2705 4372 2
2705 2815 2
53 11582 2
2705 11575 2
2603 2747 2
18 25 2
4628 6842 2
4339 7302 2
6363 6490 2
2721 2888 2
4372 5709 2
4628 11084 2
2780 6411 2
1014 2780 2
4372 11023 2
1755 6490 2
2705 5304 2
2705 4628 2
2862 11585 2
2721 5098 2
2603 2780 2
5073 5293 2
2737 5130 2
2705 6506 2
5098 5101 2
4628 5164 2
1076 4628 2
6506 11084 2
2705 7514 2
2979 5073 2
5164 11582 2
6399 7302 2
2737 4492 2
2979 5290 2
5309 6490 2
9 5295 2
6387 7453 2
5130 5279 2
5073 5302 2
2747 11575 2
2832 5295 2
6847 11585 2
7 2979 2
15 5283 2
5098 5127 2
6412 6842 2
2888 11582 2
2603 4342 2
2737 11585 2
2603 5180 2
2820 5302 2
2747 5164 2
2888 5164 2
4342 6399 2
4342 6436 2
2737 5279 2
6842 11582 2
5305 6436 2
5273 6477 2
5283 6506 2
1755 5302 2
2721 2737 2
5179 6363 2
5130 5273 2
7 11582 2
5302 11084 2
2780 5305 2
7 6477 2
2888 4339 2
5101 6387 2
2603 2737 2
6436 8291 2
5302 11575 2
2747 6436 2
5073 5127 2
4446 5709 2
5279 6392 2
5283 6387 2
9 2780 2
5127 5130 2
2603 5048 2
6436 6506 2
2747 5273 2
6399 6847 2
4628 6363 2
2780 5302 2
2603 6477 1
5075 6477 1
2705 6842 1
2747 4419 1
2979 11586 1
2737 11586 1
5295 6818 1
5175 6426 1
1076 6490 1
6477 8291 1
4419 5709 1
11084 11585 1
18 5304 1
5098 6392 1
5101 5290 1
6411 6490 1
7301 11583 1
5295 6436 1
2815 11582 1
18 1301 1
4342 11059 1
4628 11585 1
2979 11084 1
6817 7302 1
6387 11575 1
4492 5305 1
2747 6506 1
5048 5098 1
2721 5175 1
2747 6842 1
4373 5274 1
6412 11574 1
2815 5285 1
5164 6871 1
2705 11059 1
2721 6392 1
1076 8291 1
1076 2747 1
5285 5290 1
4372 5179 1
5073 11574 1
5101 11059 1
2603 5304 1
5101 6871 1
5175 5709 1
6363 6387 1
4373 5709 1
2721 6486 1
2484 5048 1
2721 5180 1
5295 6412 1
2862 6842 1
5073 6399 1
25 5279 1
2603 5309 1
2721 5130 1
4372 5098 1
5279 8332 1
2737 6847 1
6816 6824 1
4342 5283 1
6477 7514 1
11575 11585 1
5302 5304 1
1281 5295 1
2888 5283 1
9 11084 1
7302 11582 1
2979 11585 1
7 7978 1
6436 11575 1
11084 11574 1
5098 11398 1
1755 5709 1
5290 8291 1
2721 5101 1
2888 5130 1
4492 11586 1
5309 11575 1
1076 2820 1
4342 11582 1
32 6399 1
7514 11398 1
6842 11059 1
258 5295 1
6490 11586 1
4372 6387 1
2705 4492 1
6411 8291 1
4486 4492 1
2780 11575 1
4342 11575 1
7 6490 1
2737 2815 1
6387 11574 1
6387 11059 1
1755 11582 1
5304 11582 1
5098 7514 1
1755 5130 1
18 6436 1
6412 11059 1
2780 11084 1
7 5130 1
1014 6436 1
6436 11585 1
2737 4372 1
2705 5098 1
2780 11586 1
5309 6363 1
4628 6477 1
1301 2747 1
2603 2820 1
5305 11059 1
5293 11575 1
6436 11084 1
32 5283 1
5304 6436 1
7 25 1
2888 8291 1
2780 5101 1
2737 6842 1
2815 11023 1
9 5305 1
2780 5304 1
6816 6817 1
9 11398 1
1301 5101 1
5048 5130 1
2747 2820 1
15 6387 1
2780 6477 1
4372 5164 1
4419 4628 1
2888 11585 1
5098 11585 1
2888 11023 1
2979 5302 1
15 5048 1
5285 5709 1
1014 5098 1
2815 5274 1
6392 6842 1
2737 4342 1
6813 6814 1
4342 5164 1
5274 5304 1
2737 5283 1
7 2603 1
2603 2979 1
6387 6486 1
4342 11585 1
1301 2721 1
25 5048 1
25 5305 1
6871 11059 1
1301 6387 1
2737 5293 1
4628 11582 1
2747 6423 1
11398 11582 1
6387 6842 1
4419 5164 1
6436 11059 1
2747 5127 1
5164 11586 1
9 2603 1
5073 11586 1
2603 4628 1
5273 5274 1
5305 6824 1
5295 5709 1
9 11582 1
6387 6506 1
2737 5164 1
1076 5127 1
5164 11585 1
4342 6363 1
2487 2705 1
4372 11582 1
2888 5044 1
4373 5130 1
2721 6506 1
2780 5285 1
6387 6824 1
6490 11398 1
4339 5283 1
5179 5297 1
1755 6392 1
6490 11582 1
5283 11586 1
9 258 1
2721 11585 1
15 2603 1
1076 2815 1
5175 6506 1
18 5283 1
4342 5130 1
5180 6399 1
4342 5180 1
5180 5274 1
5098 6399 1
4373 5164 1
5073 6842 1
2780 2815 1
2862 6387 1
4492 6399 1
5283 5293 1
4419 6871 1
5309 6506 1
2780 8291 1
2780 6363 1
5180 11582 1
1755 6436 1
6847 11084 1
2603 5305 1
2721 11586 1
5279 5304 1
5073 5279 1
5073 5295 1
4628 6871 1
5302 6506 1
5164 5180 1
2979 6871 1
2737 4486 1
5179 5709 1
2780 5164 1
2862 5175 1
11059 11084 1
2484 5180 1
5283 5285 1
15 2888 1
2820 4342 1
2721 6387 1
6426 6847 1
5297 5709 1
2721 11566 1
2737 5098 1
6387 6399 1
4342 5179 1
5127 11586 1
5180 6847 1
5101 5293 1
2979 5285 1
6426 11582 1
1076 5273 1
32 8291 1
2747 5180 1
2721 6488 1
5285 5295 1
2979 11023 1
2484 6363 1
4342 11084 1
15 6490 1
9 6436 1
2747 5130 1
6426 6871 1
451 11583 1
15 5295 1
5101 8291 1
5304 11023 1
9 4492 1
5130 11398 1
2737 2862 1
4373 5098 1
5285 6363 1
6847 11586 1
5048 5073 1
5098 5273 1
5283 11575 1
451 7301 1
2737 6399 1
7 6387 1
2780 5279 1
2603 11585 1
2603 11586 1
5305 6814 1
4628 6426 1
6814 6824 1
2780 5709 1
7 11023 1
5293 6477 1
6412 6477 1
5073 6487 1
1076 5295 1
5304 11059 1
2815 7302 1
5048 5279 1
1301 5305 1
5302 6490 1
2820 5295 1
1301 5098 1
6423 6847 1
1755 5164 1
2979 5281 1
4486 5709 1
5179 5304 1
11023 11582 1
5304 6363 1
4372 5175 1
11585 11586 1
5130 5274 1
6477 6847 1
4628 6399 1
2832 2979 1
1755 2603 1
6487 8291 1
2737 5295 1
5180 5279 1
4372 8291 1
5180 11585 1
2979 6399 1
7 11059 1
5164 11059 1
5279 6506 1
32 5295 1
2721 2979 1
2862 4342 1
6506 11586 1
4486 6824 1
4492 5285 1
2888 4342 1
5098 6363 1
5164 6477 1
1301 2705 1
13 2737 1
6363 11023 1
1076 5098 1
6423 6842 1
2888 5127 1
5295 6362 1
6399 11585 1
5101 5285 1
4342 11586 1
6436 6842 1
5709 6426 1
5044 5048 1
4446 4486 1
6399 6506 1
5101 6423 1
7453 11059 1
5130 5290 1
2747 4628 1
5305 6399 1
1755 2705 1
5180 6411 1
2705 4446 1
2862 6392 1
5098 5293 1
6506 11059 1
5048 5305 1
2721 2780 1
1755 6477 1
1301 5304 1
7 5279 1
32 7302 1
5075 5098 1
32 2705 1
5273 5305 1
13 2721 1
4419 11585 1
25 5180 1
1076 5279 1
5305 6387 1
25 11582 1
2737 2888 1
6387 6392 1
2820 6477 1
2979 5130 1
7 15 1
2603 5101 1
4342 4446 1
5179 5305 1
5302 6363 1
5274 11023 1
5283 5709 1
6842 11585 1
2603 2888 1
5048 5304 1
2747 5279 1
2737 2820 1
5127 5274 1
2603 6490 1
5281 6399 1
1755 5098 1
25 5304 1
5075 5130 1
6814 6818 1
6387 11586 1
2820 11575 1
1076 5130 1
1301 5179 1
1076 2737 1
5127 5283 1
6412 6871 1
2888 4373 1
5279 6477 1
5285 5293 1
5130 5305 1
2820 2832 1
6412 11084 1
5279 5302 1
1076 4372 1
6411 6412 1
25 5295 1
5127 6436 1
5283 11084 1
7302 7978 1
2603 4373 1
6411 11585 1
14 1281 1
5295 11582 1
5273 11023 1
2721 6436 1
4339 6436 1
6412 6490 1
2780 4372 1
6436 6824 1
7 6824 1
2737 6426 1
4628 6387 1
4342 6426 1
2737 5274 1
6387 11023 1
11023 11059 1
7 8332 1
6411 6842 1
6871 8291 1
5295 6813 1
7 5179 1
5130 5285 1
2888 6436 1
1755 5305 1
5283 6842 1
5127 5273 1
2737 4373 1
8291 11586 1
2815 6387 1
1076 2862 1
15 5127 1
2705 5302 1
4492 5273 1
5290 6387 1
9 2705 1
5098 11582 1
4339 5304 1
2780 4492 1
5098 5285 1
6847 11023 1
2747 5305 1
2737 5290 1
4486 5290 1
2747 6477 1
5293 6490 1
5295 6387 1
2780 2862 1
5293 5295 1
6871 11585 1
5098 5283 1
2705 11566 1
5283 6436 1
2747 5309 1
5180 5285 1
4628 11059 1
5075 11084 1
2747 5285 1
4372 6477 1
2862 4446 1
5073 5304 1
5273 5295 1
5098 6871 1
5048 11023 1
2747 6411 1
5283 6477 1
2747 5302 1
5273 5304 1
5180 6871 1
14 11582 1
2747 5073 1
4342 6506 1
2603 6387 1
5302 6387 1
5098 6426 1
15 4628 1
5709 6399 1
5073 5283 1
2979 11575 1
7 5073 1
2705 11084 1
1755 6824 1
5302 5305 1
18 4339 1
5285 6436 1
1076 7302 1
2737 5073 1
6477 6506 1
2780 2820 1
5130 5295 1
6387 11084 1
2820 5273 1
5309 11023 1
4486 6436 1
2721 2862 1
2487 4486 1
5098 5175 1
2888 6363 1
5295 5305 1
2780 4628 1
4342 5273 1
2780 11023 1
5273 11575 1
2721 7453 1
15 6477 1
2737 6411 1
7 2815 1
2705 6488 1
1076 11585 1
2737 5709 1
4628 6436 1
9 7302 1
6363 6477 1
