364 7978 16
5044 5048 12
1301 5295 9
50 5044 9
50 53 8
50 5048 8
2484 5048 7
6477 6490 5
5048 6363 5
7 6490 5
6363 7978 4
7 5304 4
7 6387 4
7 50 4
6477 6506 3
7 5048 3
1301 5304 3
7 6363 3
7 18 3
1301 6490 2
5044 10884 2
5295 6490 2
7 32 2
6392 7978 2
5044 5179 2
50 10884 2
5295 6506 2
9 1301 2
5048 5295 2
2484 6506 2
6436 6490 2
5295 6436 2
5048 6436 2
2484 6490 2
5164 5295 2
5044 5295 2
5309 10884 2
9 6490 2
5304 6387 2
7 5044 2
7 6860 2
7 1301 2
1301 6506 2
2484 5179 2
6362 6387 2
7 10884 2
25 50 1
50 7978 1
5304 6490 1
5164 6477 1
258 5048 1
9 520 1
50 1301 1
50 5309 1
5044 5283 1
5164 6423 1
5304 5309 1
18 1301 1
5048 6423 1
7 5295 1
50 2815 1
5304 6506 1
258 6363 1
25 1301 1
1301 5180 1
5302 6496 1
18 5048 1
7 5307 1
1301 6362 1
5048 5179 1
50 6490 1
7 6392 1
9 10979 1
5295 6423 1
5304 6362 1
5304 6477 1
32 7978 1
50 5305 1
7978 10884 1
9 6477 1
25 6490 1
6387 6436 1
2815 5295 1
5297 6490 1
7 6423 1
520 5304 1
5297 6477 1
18 10884 1
50 5304 1
50 6392 1
6412 6506 1
9 10982 1
50 5283 1
50 10979 1
5179 6477 1
7 6506 1
6387 6490 1
1301 5179 1
9 25 1
50 5295 1
6387 6412 1
6412 6436 1
1301 6436 1
5307 6490 1
32 5307 1
5297 6506 1
7 7978 1
10981 10982 1
5179 6363 1
53 6490 1
5180 6477 1
9 5297 1
6387 6496 1
53 5048 1
1301 2484 1
5295 5305 1
5302 6490 1
5307 6412 1
6436 6506 1
