53 5658 16
2721 5044 13
2747 6363 13
7 5295 12
5044 5658 12
6399 6490 11
2721 5295 8
5283 6490 8
7 5283 7
5044 6363 7
2721 5658 6
5658 6506 6
1301 6387 6
2484 5180 5
5044 5283 5
7 6399 5
53 5305 5
2484 2721 5
5295 6363 5
2721 5180 5
7 1301 5
5304 6363 4
5295 6412 4
7 6490 4
53 5296 4
53 11561 4
9 2721 4
7 5305 4
2888 6363 4
9 5295 4
1301 5295 4
5658 6363 4
7 18 4
7 5179 3
2888 5295 3
5044 6399 3
2721 6436 3
9 5285 3
2484 2888 3
9 5305 3
7 6477 3
7 2888 3
2484 5044 3
18 6477 3
18 5295 3
5048 6399 3
5283 6477 3
1301 2721 3
5044 6436 3
7 6363 3
18 5044 3
5305 5658 3
25 2721 3
5044 5048 3
5283 5295 3
9 1301 2
53 2747 2
7 6372 2
7 2721 2
5296 5658 2
5285 5658 2
668 11567 2
2721 11482 2
2747 5283 2
2747 5044 2
6423 6490 2
5305 6399 2
2747 5305 2
5283 5307 2
5048 5295 2
7 6506 2
1301 6399 2
9 5658 2
2747 5180 2
7 5044 2
53 2721 2
25 6363 2
666 7298 2
7 668 2
5048 6363 2
6363 11565 2
53 6490 2
2484 5048 2
7 5048 2
53 5283 2
6363 6387 2
5285 6387 2
53 6363 2
5179 6363 2
2484 6363 2
5295 11482 2
5180 5658 2
53 5290 1
668 6372 1
5274 5302 1
9 6387 1
2721 6423 1
5179 5295 1
5273 5274 1
5044 6490 1
18 6399 1
5295 5658 1
5283 5305 1
18 1301 1
666 11561 1
6362 6477 1
5283 6423 1
53 5180 1
2721 5285 1
5304 11567 1
2737 5295 1
2737 6372 1
6477 6482 1
5273 5283 1
1281 5285 1
2721 5130 1
2747 6506 1
520 5283 1
6423 11567 1
53 5304 1
5305 6477 1
25 1301 1
5044 5302 1
2747 5304 1
25 5283 1
18 5307 1
9 5296 1
5044 5304 1
2721 2888 1
1281 5283 1
669 2721 1
9 2747 1
6399 6477 1
5130 6363 1
2721 7978 1
1301 5283 1
7 6423 1
9 6482 1
9 25 1
7 9 1
665 5293 1
5044 5305 1
7 11566 1
5293 5658 1
5098 11567 1
9 6490 1
18 668 1
9 5044 1
5295 6477 1
7 2747 1
11565 11566 1
5044 5285 1
666 5305 1
5180 6506 1
9 6477 1
665 11555 1
2721 6363 1
7 5285 1
5305 11563 1
5295 6490 1
1301 11565 1
2747 5048 1
2747 5658 1
5295 6506 1
9 18 1
5044 11482 1
2721 6506 1
5180 5296 1
5048 5283 1
5305 5307 1
5305 11565 1
9 6399 1
5304 5305 1
5044 11565 1
5285 5295 1
7 520 1
7978 11482 1
668 669 1
11555 11563 1
1301 5305 1
6387 6477 1
668 11561 1
7 2737 1
5304 5658 1
2747 5290 1
2737 5658 1
9 5180 1
1301 5098 1
5295 6399 1
