5658 11582 65
53 5658 39
6363 11585 23
4372 6363 19
2721 6363 16
2737 6363 15
2721 5658 12
2721 11582 11
6387 6506 11
6506 6871 11
2888 6363 11
6363 11586 11
2721 6842 11
7 6363 10
2721 11585 10
5044 5658 10
2721 2737 10
5065 5274 9
5179 6363 9
5130 5305 9
5658 11585 9
6363 6842 9
6387 11585 9
5044 5180 9
4372 6871 8
5044 6847 8
2721 5044 8
6506 6842 8
6363 6477 8
2737 5658 8
2721 5295 7
2603 6363 7
6363 11582 7
6490 6506 7
5130 6506 7
1301 5065 7
5274 6842 7
4628 6842 7
6871 8291 7
5073 5274 7
4372 4446 7
5044 6363 7
6506 11023 7
5295 11582 7
2737 11585 7
5180 5295 6
6490 11084 6
6477 11582 6
5180 6363 6
6411 6871 6
6387 6871 6
4419 5065 6
11585 11586 6
5044 5295 6
2888 5295 6
6871 11023 6
6842 7453 6
4372 8291 6
2780 11582 6
6506 11084 6
7 11586 6
7 5658 6
2747 5305 6
6363 6426 6
4372 6847 6
905 11482 6
2721 5305 6
6506 11574 6
5658 11588 6
5180 5305 5
2780 11585 5
6506 7453 5
5048 6363 5
1301 6363 5
2780 5048 5
5180 6842 5
5180 11582 5
5098 5274 5
6423 6506 5
6399 6871 5
5274 11023 5
5044 6477 5
6477 6842 5
2721 6506 5
2832 5295 5
6363 6506 5
6363 7453 5
2721 2832 5
2780 5044 5
6387 6847 5
6847 6871 5
6506 6847 5
5658 11586 5
6871 7453 5
5274 6871 5
5285 6363 5
2780 11482 5
5295 6847 5
5044 5305 5
6363 6399 5
6363 11588 5
5180 6387 5
5658 6847 4
7 25 4
5305 11023 4
1076 5274 4
6363 6847 4
2832 5283 4
5073 6506 4
6436 6871 4
5130 5295 4
6423 6847 4
5130 11585 4
2780 4372 4
1301 4419 4
2780 5274 4
5295 6387 4
53 2780 4
2780 6363 4
2721 6847 4
6842 6847 4
5101 6506 4
5305 6842 4
5179 6506 4
6387 6477 4
5098 7453 4
5709 6871 4
2721 6436 4
5048 5658 4
6426 11023 4
5283 5295 4
6387 7453 4
5101 11023 4
6842 11023 4
4372 11582 4
6490 11023 4
5180 6506 4
5164 5274 4
4342 8291 4
5305 6363 4
5048 11482 4
2832 11575 4
2780 5305 4
4628 6847 4
7 2721 4
5076 5130 4
6506 11586 4
2832 6363 4
5130 5302 4
7 32 4
5295 5305 4
2979 6842 4
6506 11585 4
6363 8291 4
4342 6871 4
4419 5274 4
6436 6506 4
6506 11398 4
6363 7301 4
4342 6363 4
2737 11586 4
6387 6423 4
5076 6506 4
2721 11084 4
2721 11586 3
4342 6842 3
5274 5305 3
4342 4372 3
5658 6363 3
1301 4460 3
6477 7453 3
2888 11586 3
5098 6506 3
5274 6506 3
2603 5044 3
2780 6506 3
5283 11582 3
5180 6426 3
5044 5285 3
5274 6363 3
666 7303 3
5101 5305 3
2737 6506 3
4460 6490 3
1076 6871 3
5130 11023 3
32 6363 3
6363 6387 3
5073 6477 3
2603 5073 3
2737 11084 3
2888 5658 3
5709 11023 3
6411 11575 3
5130 6477 3
5073 6871 3
2820 11585 3
5293 5305 3
6847 11023 3
4628 8291 3
4372 4628 3
1755 5098 3
5164 7453 3
2721 2747 3
2810 11585 3
25 5101 3
4419 4460 3
5073 7453 3
6492 11023 3
5130 5274 3
6847 11582 3
2810 6363 3
4372 6477 3
1301 5709 3
6387 11582 3
5098 5180 3
5130 6387 3
4628 5295 3
2737 5044 3
1301 8291 3
6400 11582 3
5164 6506 3
2747 6411 3
5098 11585 3
2780 11586 3
6477 6506 3
2747 6506 3
6436 6842 3
4460 6506 3
5130 6363 3
1076 11585 3
6363 11059 3
7 9 3
6363 6423 3
2832 11582 3
6387 6842 3
5098 5305 3
5164 6847 3
2820 2889 3
53 6871 3
5044 5309 3
53 11482 3
7301 11585 3
6506 8291 3
2721 5180 3
6399 6506 3
5101 7453 3
5044 11023 3
2747 6477 3
6506 11059 3
665 5658 3
5073 11574 3
7 53 3
6363 11023 3
2780 2832 3
6871 11582 3
2889 6387 3
5180 11023 3
2737 11582 3
6363 6490 3
2737 8291 3
4446 6363 3
5179 6490 2
2737 5065 2
5658 6436 2
2820 11059 2
6412 6847 2
6847 8291 2
5285 5305 2
5295 6842 2
1076 5709 2
4419 5709 2
5709 6842 2
4628 11582 2
6411 6490 2
53 6847 2
2721 5098 2
7 4372 2
6423 6426 2
1301 6871 2
5101 5274 2
5101 5130 2
5274 6387 2
5709 6847 2
7 6436 2
2889 11023 2
4342 5274 2
665 6411 2
669 2780 2
6847 11585 2
5164 6363 2
5196 5709 2
2780 7453 2
2832 5101 2
5290 11586 2
2780 5295 2
2888 5098 2
4372 5101 2
2889 11585 2
5098 6363 2
5098 6387 2
5196 6842 2
6399 6842 2
6490 6842 2
1755 5164 2
4419 4492 2
2747 2979 2
2780 5658 2
669 6363 2
5949 6363 2
5044 6506 2
2889 7453 2
2888 7453 2
5295 11575 2
5283 11575 2
2888 6506 2
2888 5180 2
5180 5274 2
2889 6363 2
2721 4446 2
4446 8291 2
9 6363 2
5044 11588 2
5180 6490 2
6423 11585 2
6426 6847 2
11059 11585 2
5305 11575 2
2721 5048 2
4372 5709 2
4372 6387 2
2721 6423 2
9 5658 2
2832 6871 2
7 11588 2
4342 11582 2
1301 2888 2
5098 6847 2
4342 6387 2
4460 11582 2
2810 2888 2
4372 4486 2
53 5044 2
6842 11582 2
2780 2888 2
5295 6490 2
5274 11585 2
5044 6490 2
5658 6387 2
2979 5180 2
2721 11059 2
5044 6399 2
5098 5130 2
25 5658 2
1301 6842 2
2832 5073 2
5073 5130 2
11582 11585 2
4342 5295 2
1755 5180 2
2721 6411 2
5295 5296 2
4419 6842 2
5048 5180 2
5127 6506 2
5130 6490 2
4372 5130 2
6399 6423 2
7 5305 2
4372 5098 2
11023 11084 2
5709 11582 2
6490 6847 2
2603 5274 2
5180 5285 2
5065 5073 2
2721 4372 2
7453 11059 2
5180 6423 2
2747 5295 2
5274 6492 2
6363 6436 2
2721 4342 2
4372 11084 2
11023 11586 2
2721 5304 2
5196 7453 2
6423 7453 2
2603 6847 2
1301 2737 2
4460 5065 2
2737 2888 2
11586 11588 2
5274 6847 2
2737 11023 2
53 6363 2
5304 6363 2
8291 11585 2
6423 6871 2
5274 7453 2
2979 6871 2
6842 8291 2
2721 5274 2
11084 11582 2
5073 11585 2
1301 11586 2
5305 6847 2
6387 11586 2
2820 6387 2
5130 6411 2
1076 7453 2
1301 5044 2
2747 2832 2
5305 6411 2
2603 6506 2
1301 5274 2
6411 7453 2
5098 6842 2
5283 6506 2
6490 11586 2
2737 5179 2
53 6506 2
2780 11059 2
5274 11237 2
6492 11574 2
7 11585 2
2832 6436 2
6411 6847 2
5098 11582 2
2888 11585 2
2737 6842 2
2737 4372 2
665 1301 2
5073 6363 2
5044 6387 2
5305 6506 2
2888 5044 2
6490 11585 2
2603 6490 2
4342 4446 2
2832 6506 2
6871 11084 2
2780 6387 2
5073 8291 2
6411 6412 2
5098 6412 2
6477 8291 2
2889 6842 2
4446 6506 2
5658 11482 2
4460 6871 2
2603 6387 2
5304 6399 2
6423 6490 2
4372 6426 2
6847 11059 2
2776 5293 2
6387 11574 2
1755 11585 2
5044 5048 2
5073 11084 2
5127 6847 2
5179 5295 2
5048 11585 2
5274 5295 2
6490 6871 2
1301 6506 2
5164 6387 2
5196 6363 2
5098 5295 2
4460 8291 2
11084 11398 2
2721 5101 2
6399 6847 2
2780 5065 2
5098 5293 2
2737 11059 2
4446 6847 1
6412 6490 1
5048 5297 1
5285 6436 1
1301 6847 1
4419 11582 1
2815 5293 1
2780 6842 1
5048 11582 1
53 5283 1
6400 11398 1
667 11583 1
5293 11023 1
5293 6842 1
5101 11586 1
2979 5044 1
2737 6847 1
6412 6871 1
2737 2780 1
18 5098 1
5180 11586 1
2776 6363 1
5302 11574 1
53 2737 1
4492 11574 1
32 6372 1
5179 11586 1
7453 11585 1
4492 8291 1
6387 11023 1
25 4419 1
25 2780 1
2737 5196 1
5073 6490 1
2979 11582 1
53 8291 1
1301 6387 1
2737 6824 1
9 2747 1
5302 6506 1
6387 11482 1
2979 5305 1
2810 6490 1
5175 6363 1
4372 5302 1
6506 11575 1
5048 5073 1
5130 6399 1
5179 11585 1
5127 6426 1
5180 5309 1
5283 6363 1
2832 5293 1
6490 7453 1
5175 11059 1
5044 11586 1
5101 6423 1
29 5101 1
6436 7453 1
2737 6473 1
6411 11023 1
5305 6387 1
1755 6387 1
5274 6490 1
5285 6506 1
5044 5293 1
7 11482 1
2780 6436 1
6401 6402 1
4342 5179 1
2832 5302 1
4628 6506 1
5180 6477 1
7 5283 1
25 11582 1
2747 6423 1
2888 5305 1
11585 11588 1
6436 8291 1
53 5180 1
2832 6847 1
5293 5296 1
4492 6871 1
6387 6436 1
5098 6400 1
5290 5293 1
5709 6436 1
2747 5290 1
6436 11582 1
4628 5709 1
5044 5101 1
11237 11586 1
2780 4342 1
5290 11582 1
32 6506 1
9 5309 1
5297 7301 1
7 2780 1
5180 11084 1
5065 6506 1
5279 6363 1
5273 5283 1
32 5044 1
2979 5274 1
6399 11482 1
1301 5279 1
5274 6477 1
2737 6388 1
5305 6436 1
5290 6847 1
6426 11585 1
6824 11582 1
2979 6363 1
2820 6363 1
25 2979 1
5101 5283 1
6412 11585 1
2780 5309 1
7 6490 1
6423 11023 1
6390 6395 1
5044 11582 1
6412 11574 1
6492 11582 1
4446 5076 1
5273 11059 1
6363 11398 1
669 11585 1
6399 11023 1
6363 6411 1
5295 6426 1
2979 5295 1
18 5305 1
2776 6506 1
5076 5098 1
2815 6506 1
2737 2747 1
6482 6506 1
6436 11585 1
6842 11575 1
2737 6490 1
5098 11084 1
4486 6847 1
6477 11059 1
6387 6426 1
2603 4419 1
4342 5279 1
5098 6411 1
5175 6847 1
2721 2780 1
5073 5295 1
5295 7514 1
4460 11398 1
5658 11574 1
4372 11023 1
6399 11084 1
2737 4342 1
4419 11023 1
1076 5164 1
7 2603 1
5180 11398 1
6472 6473 1
29 11059 1
6847 7453 1
5274 5709 1
5295 6477 1
6842 11574 1
11023 11582 1
5130 5296 1
4446 4492 1
7 2737 1
2737 7453 1
25 1301 1
53 11398 1
6399 6436 1
5285 6426 1
9 6423 1
5658 7303 1
5273 5295 1
6402 6413 1
6824 6847 1
5044 11482 1
2780 5180 1
5098 11574 1
4446 6411 1
6412 11582 1
5274 11586 1
5073 6400 1
5180 6399 1
2721 6871 1
5274 5279 1
5293 7453 1
6426 6506 1
2979 5279 1
5279 11574 1
5196 11023 1
6426 6824 1
2721 5073 1
6412 6842 1
5293 6387 1
666 11583 1
258 4486 1
2780 5130 1
5130 6871 1
6399 6401 1
5180 5658 1
2737 5098 1
2888 11582 1
5180 6847 1
2979 11585 1
25 6363 1
7 5044 1
6421 6435 1
5130 5290 1
2862 6363 1
7 2888 1
2721 6387 1
2820 11588 1
1076 11574 1
5044 5304 1
5101 5127 1
4486 5305 1
25 6436 1
1076 5101 1
2747 11586 1
5305 6400 1
4342 6490 1
5180 6436 1
2721 6400 1
2603 6477 1
5295 6436 1
4486 6363 1
2979 6847 1
6477 6847 1
2889 6506 1
29 5305 1
5293 5302 1
4460 5279 1
6387 11059 1
5283 11585 1
2815 6871 1
5304 11023 1
2888 11588 1
5098 11575 1
5949 11582 1
2979 6506 1
5293 5295 1
6388 6390 1
5164 6871 1
2721 2888 1
5179 8291 1
5285 6423 1
6490 11574 1
7453 11084 1
4628 11586 1
6412 6506 1
2747 7453 1
2747 11582 1
6477 11023 1
5305 11582 1
6413 6421 1
7 2747 1
2603 5101 1
6436 6490 1
2721 5283 1
2721 2862 1
32 11586 1
2888 7514 1
11575 11585 1
6824 7514 1
11574 11585 1
4372 6412 1
2832 5296 1
4628 6426 1
5273 6387 1
2721 5164 1
6387 6399 1
4628 5305 1
7 5073 1
4628 6477 1
18 5274 1
6426 8291 1
2820 7453 1
5127 5283 1
6423 7514 1
5130 6824 1
4419 6477 1
5297 5658 1
5709 11482 1
6400 6824 1
5164 11582 1
2747 5098 1
5065 5302 1
2747 2820 1
4372 6506 1
665 5949 1
665 6363 1
1301 5302 1
6363 6871 1
5065 11574 1
667 11582 1
4372 4492 1
2747 8291 1
25 7453 1
4460 5175 1
7 8291 1
5098 5101 1
1301 11588 1
5302 11575 1
7514 11084 1
5295 11023 1
4342 11586 1
6387 11084 1
53 2888 1
29 5048 1
2603 6871 1
5290 5295 1
2888 6399 1
25 2889 1
6871 11398 1
6399 6490 1
4460 11084 1
18 11582 1
5076 11586 1
5302 11582 1
2603 7453 1
5274 8291 1
5130 5180 1
2888 5179 1
5274 11582 1
4460 6842 1
5302 6490 1
1301 2747 1
668 6363 1
2979 5073 1
6824 6842 1
5127 6490 1
4628 6363 1
258 4492 1
4342 11585 1
5076 6871 1
2603 5164 1
5073 11482 1
2832 5130 1
5048 5305 1
25 5274 1
5309 6363 1
5101 6490 1
1076 6436 1
6412 7453 1
6506 7514 1
2888 6824 1
2721 4628 1
6492 11059 1
2888 6387 1
5658 6506 1
2888 5130 1
6824 11084 1
5305 6490 1
6506 11582 1
2747 6363 1
5949 11585 1
6871 11059 1
9 5044 1
6399 6426 1
2979 5130 1
4446 6842 1
6411 11582 1
7 4628 1
5180 11482 1
5098 11023 1
53 6399 1
5285 5295 1
2737 5274 1
2721 11398 1
2780 6490 1
6423 6842 1
8291 11582 1
2603 6423 1
2832 6399 1
9 6506 1
1755 6400 1
6412 6423 1
4342 11084 1
6363 11084 1
5274 6412 1
2721 5297 1
2888 4342 1
4342 7453 1
5293 6506 1
2737 5305 1
1076 2810 1
6842 6871 1
2737 6871 1
29 11574 1
5304 6477 1
6477 6871 1
6426 7453 1
4628 5297 1
2832 2979 1
9 18 1
4342 5305 1
7 6847 1
25 5044 1
5130 5283 1
2780 6871 1
5048 5709 1
669 5044 1
11574 11586 1
2721 6824 1
5101 6387 1
2603 8291 1
2747 5180 1
5180 5283 1
25 1076 1
2747 11023 1
2888 6490 1
2737 6399 1
5179 11084 1
2832 11084 1
4486 6842 1
9 5127 1
53 11084 1
2780 6477 1
2979 5065 1
2780 4419 1
6400 11023 1
5283 6400 1
25 5305 1
5302 6400 1
2747 5076 1
5065 6871 1
5295 5304 1
1301 6477 1
7 5180 1
2603 5196 1
5305 11585 1
2888 5274 1
4446 5305 1
2979 5048 1
7453 11582 1
5196 6411 1
5076 5293 1
2737 6423 1
2862 11582 1
5127 5290 1
6842 11059 1
2721 7514 1
2737 6426 1
2820 6842 1
2832 6387 1
4628 11023 1
5065 6436 1
4419 6506 1
5164 8291 1
5285 11023 1
5274 11398 1
5297 11582 1
6492 11237 1
2889 6477 1
2820 2832 1
7 2776 1
5101 8291 1
5130 6412 1
4372 11585 1
5130 11575 1
1076 2603 1
2832 5305 1
6871 11237 1
2888 2889 1
32 5048 1
5279 6387 1
2747 11084 1
4419 6490 1
4419 6871 1
2747 11575 1
7514 11023 1
2820 11023 1
2737 6372 1
669 5949 1
5098 5290 1
2721 8291 1
1301 4342 1
2721 5285 1
5296 5305 1
2776 6423 1
5073 5098 1
4628 6387 1
5065 5279 1
2737 2979 1
6423 11582 1
7 5076 1
6398 6399 1
4486 5279 1
6871 11586 1
5274 11574 1
5302 6363 1
2737 5130 1
6436 11084 1
18 1301 1
2747 5274 1
5164 6842 1
6395 6398 1
4342 11023 1
2815 6363 1
1755 8291 1
6411 6506 1
5076 5101 1
6426 6842 1
5305 6871 1
5073 11586 1
2888 5065 1
668 669 1
6399 6411 1
2603 2780 1
2737 11588 1
5073 11023 1
4342 5709 1
5164 11586 1
5179 11023 1
53 5309 1
2747 5658 1
2780 5073 1
53 5295 1
4372 5285 1
5076 6490 1
2979 5098 1
2603 5709 1
2888 11482 1
2747 4372 1
6426 6436 1
29 6490 1
5293 11586 1
4372 6490 1
5127 5295 1
5164 11585 1
4460 11023 1
5283 5302 1
2832 11023 1
2780 4628 1
5709 11237 1
5076 5180 1
4342 6426 1
6426 11574 1
2832 5098 1
2603 2979 1
4419 6482 1
6411 6477 1
4342 11059 1
6436 11059 1
5293 6490 1
2979 11084 1
6399 7514 1
2603 6842 1
2832 6477 1
4628 7514 1
5295 11586 1
4419 11586 1
2747 6842 1
6435 6472 1
6400 11084 1
5127 7514 1
2888 8291 1
1301 6490 1
5302 6426 1
53 6824 1
5098 5283 1
7514 11582 1
53 5130 1
6411 11586 1
2820 5305 1
2862 11023 1
1076 6387 1
