53 5658 88
2721 5658 38
5044 5048 14
2484 5048 11
7 5044 11
5044 5658 11
5295 6399 10
1301 5658 10
905 7978 8
5044 5295 7
5285 5295 7
5048 7978 6
5048 5658 6
7 2721 5
5044 5179 5
5305 10984 5
2721 6363 5
2721 5295 4
5305 6363 4
25 53 4
5048 10884 4
53 7978 4
666 5293 4
5048 5285 4
9 5295 4
7 10984 4
6387 6399 4
25 6363 3
5285 6399 3
7 5048 3
5295 7453 3
9 5273 3
1301 6363 3
5304 5305 3
25 5295 3
6363 6399 3
7 9 3
1301 2888 3
18 5295 3
1301 5305 3
10983 10984 2
7 18 2
5305 6399 2
53 5304 2
7 6477 2
5293 5295 2
5044 5285 2
7 6490 2
5658 6363 2
5658 10969 2
7 5305 2
2484 5044 2
5044 6363 2
1301 10984 2
666 6399 2
5304 6399 2
5658 7978 2
5048 5295 2
2484 5295 2
7 5295 2
2721 5304 2
2888 5295 2
25 5285 2
2747 5044 2
9 5048 2
5044 5305 2
5285 5658 2
7 6506 2
5293 6363 2
2721 5305 2
2484 5179 2
7 6399 2
5295 5304 2
668 1301 2
7 5285 2
5305 5658 2
2888 5305 2
7 5283 2
53 6363 1
668 669 1
5295 5305 1
9 5044 1
452 2721 1
5295 6362 1
9 5179 1
25 1281 1
5044 6387 1
25 5179 1
9 2780 1
5296 6387 1
32 6399 1
5285 10884 1
25 6399 1
7 5304 1
666 10981 1
6363 6387 1
2747 5295 1
2721 10969 1
5304 10884 1
10974 10981 1
2721 5179 1
9 5304 1
6399 6426 1
2780 5658 1
9 18 1
5048 5304 1
1281 5285 1
5295 6387 1
9 5658 1
5304 10974 1
5044 6426 1
2721 6399 1
2780 5044 1
9 5285 1
9 2721 1
5295 6363 1
5295 5658 1
2484 2721 1
7 5658 1
9 6399 1
5658 6387 1
5658 6399 1
5305 10969 1
5285 6363 1
5179 6363 1
5130 5658 1
25 669 1
18 6363 1
7 2780 1
53 5044 1
452 2888 1
18 5044 1
6387 7453 1
666 10980 1
668 10980 1
2721 4342 1
25 258 1
7 10884 1
5295 5296 1
7 7978 1
5044 5304 1
5044 6399 1
7 32 1
5305 6387 1
4342 5295 1
9 6426 1
2888 6399 1
258 5044 1
25 5658 1
5130 5305 1
7978 10884 1
5304 5658 1
5305 10983 1
5048 6387 1
1301 5179 1
5305 6426 1
2721 5044 1
5273 5295 1
2747 5305 1
2888 10983 1
