50 2721 63
5044 5180 23
50 5044 22
7 18 14
7 50 12
7 2721 10
7 5295 10
7 1301 9
5304 6477 9
9 5295 8
50 2888 8
2888 5044 8
7 6477 7
2721 5305 7
2721 5295 7
7 5044 6
2721 5048 6
50 2780 6
2721 2747 6
50 1301 5
50 5304 5
5044 5179 5
2721 5044 5
2721 6477 5
1301 5295 5
50 5305 5
5180 5305 5
7 5304 5
6477 7978 5
2737 2888 4
5044 5304 4
7 6387 4
5305 6387 4
1301 2888 4
5304 6482 4
9 5098 4
5295 6506 4
2479 2737 4
18 5295 4
50 5048 4
5304 5305 4
5179 5295 4
9 5305 3
2737 5098 3
2737 11567 3
2721 5180 3
5305 6477 3
1301 2737 3
2737 5179 3
7 5180 3
7 5305 3
50 5295 3
9 7978 3
2737 6411 3
50 665 3
2721 6490 3
1301 5179 3
1301 11567 3
5304 11565 3
2737 11555 3
2747 5305 2
5048 5295 2
5179 5304 2
50 11565 2
6387 7978 2
5180 5304 2
5179 5305 2
2721 6387 2
2737 6490 2
50 5180 2
2737 5304 2
4342 5044 2
6436 6490 2
5304 7978 2
2721 11023 2
2484 5044 2
53 5044 2
7 5048 2
2484 5048 2
6363 6387 2
5295 6363 2
9 11567 2
18 5180 2
5044 6477 2
2484 5295 2
2888 11565 2
5044 5305 2
1301 6482 2
669 2737 2
2888 5949 2
5295 5309 2
50 6477 2
18 5044 2
2747 5180 2
2888 5305 2
6411 11565 2
2888 5304 2
7 2747 1
2721 5179 1
2721 6399 1
5180 6399 1
2888 11567 1
18 6387 1
5295 6426 1
4342 11564 1
18 5179 1
5273 5295 1
25 5295 1
7 5179 1
258 5044 1
2721 5273 1
521 6387 1
5305 11023 1
2780 5305 1
7 9 1
2737 5309 1
7298 11562 1
452 5295 1
2849 5304 1
5179 5180 1
5305 6426 1
25 5305 1
2721 6363 1
2888 6363 1
5305 7978 1
669 2888 1
2737 6399 1
2888 6399 1
520 11023 1
6477 6490 1
6490 11023 1
5297 7978 1
5180 6477 1
7298 7300 1
2737 11565 1
665 5295 1
5044 6436 1
7300 7302 1
5949 11562 1
9 11564 1
5048 5305 1
1301 11565 1
5295 11565 1
6399 6490 1
2747 5048 1
2484 5180 1
2737 6426 1
50 6387 1
50 2747 1
1301 6426 1
4342 5295 1
2888 5180 1
25 50 1
5304 5309 1
50 11023 1
5179 7978 1
50 5130 1
2849 6477 1
1301 6387 1
9 2747 1
2888 5295 1
1301 5304 1
1301 5180 1
18 50 1
7 7978 1
669 11567 1
18 1301 1
9 6363 1
2737 5044 1
521 6363 1
2747 5044 1
6399 6426 1
2747 5295 1
5044 6363 1
6490 7978 1
50 452 1
6399 6436 1
7 6426 1
50 6363 1
50 11555 1
7 258 1
50 520 1
2721 5304 1
2888 11023 1
25 5949 1
1301 7302 1
7978 11023 1
50 6490 1
7 5297 1
50 5127 1
5130 6399 1
2888 6411 1
50 2737 1
2780 5127 1
1301 2484 1
