2484 2705 68
2484 5180 26
2737 11567 22
4339 11565 19
2705 4339 17
5304 5305 14
5098 11567 14
4339 5044 14
4339 5048 13
2705 5180 12
2705 5179 12
7 5304 11
7 5044 10
53 4339 8
7 1301 7
2479 11567 7
7 11565 7
7 5305 7
7 4339 7
7 4342 7
2737 4339 6
5304 6387 6
6387 6477 6
2888 4339 6
7 6387 6
1301 5305 6
2888 11565 6
1301 4339 6
5304 6363 5
1301 2484 5
2780 5044 5
4339 6387 5
2737 5044 5
5048 6477 4
5044 6363 4
2888 11567 4
7 18 4
18 11567 4
5048 6363 4
2484 4339 4
5048 5283 4
5305 11023 4
4339 5295 4
5293 5304 4
4339 11560 4
669 2888 4
2705 5048 4
2747 4339 4
4339 6477 4
25 5304 4
2780 11565 4
2484 5304 3
1301 5179 3
5305 6387 3
6363 6399 3
5179 5304 3
5044 5130 3
7 6477 3
25 1301 3
7 2888 3
5305 11567 3
1301 5044 3
2780 4339 3
5293 6506 3
6506 11023 3
521 4339 3
5048 6387 3
5180 5304 3
2737 2888 3
7 5098 3
5044 5048 3
7 32 3
6411 11567 3
5044 5283 3
2888 5949 2
9 6363 2
2484 5044 2
5304 6477 2
18 5098 2
32 2737 2
5180 5305 2
2849 6363 2
2721 11562 2
669 5949 2
2705 5295 2
6363 6436 2
1301 6506 2
521 2747 2
5098 5295 2
7 11567 2
521 5048 2
7 2603 2
2888 7453 2
25 6363 2
451 7303 2
2849 6477 2
521 2849 2
5048 5295 2
9 1301 2
4342 5305 2
7 6436 2
7 6363 2
5293 5305 2
669 2737 2
5044 5304 2
2705 2737 2
5293 11567 2
11023 11562 2
2747 6363 2
2849 5048 2
1301 5304 2
7 2737 2
5305 6436 1
5304 11023 1
25 6387 1
25 5305 1
7 11560 1
1301 11565 1
7 5295 1
2705 5304 1
5048 5180 1
32 6411 1
14 11567 1
7 669 1
7 2705 1
15 2737 1
7303 11567 1
32 4339 1
5044 5180 1
2780 6363 1
9 4339 1
18 665 1
2737 5949 1
521 5304 1
7303 11562 1
667 669 1
4339 6506 1
2888 6477 1
5304 6436 1
5048 6399 1
5048 11565 1
520 5304 1
4339 5304 1
53 520 1
9 2705 1
669 11562 1
18 2780 1
32 6436 1
2479 5098 1
2747 5304 1
520 6363 1
5304 6392 1
53 2484 1
2737 7453 1
9 5180 1
5305 6363 1
5283 6477 1
451 11562 1
25 4339 1
5098 5293 1
5295 11565 1
32 11567 1
2888 5283 1
5073 5179 1
5098 5283 1
6372 7303 1
2484 6436 1
669 6372 1
2888 5295 1
1301 6362 1
1301 5048 1
32 5295 1
2737 2780 1
32 5304 1
32 5044 1
4339 5130 1
6387 11023 1
521 6387 1
7 451 1
5073 5304 1
2721 4373 1
9 5305 1
7 2780 1
5304 11554 1
15 11562 1
15 4339 1
5295 6387 1
2888 7303 1
2747 5048 1
521 5295 1
2603 4339 1
4342 5179 1
667 11561 1
32 1301 1
7 521 1
520 6477 1
32 5098 1
2484 5297 1
2747 6387 1
7 11023 1
7453 11567 1
11059 11567 1
5048 5304 1
1301 5949 1
2849 6387 1
32 4373 1
1301 2721 1
14 32 1
2888 5305 1
5295 6363 1
2737 6411 1
2737 6387 1
7 11554 1
2603 5297 1
15 6387 1
5293 5949 1
6506 11565 1
7 5048 1
2737 11059 1
521 6477 1
9 15 1
1301 5180 1
2484 5048 1
7 2484 1
5048 5179 1
4339 5305 1
5304 6372 1
11560 11561 1
15 6411 1
1301 6363 1
6363 6387 1
5293 6372 1
5180 6392 1
2747 6477 1
4342 5304 1
5949 11567 1
2849 5295 1
5283 11567 1
2484 5179 1
9 5304 1
1301 4342 1
1301 5098 1
1301 2888 1
7 5283 1
2737 5305 1
