2484 5179 154
53 7072 123
5048 5179 79
6363 6396 51
2484 5048 42
6363 11586 36
1301 2721 34
5295 7302 31
9 5295 25
5179 6363 24
6363 11585 22
7 6363 22
7072 11586 21
2721 6363 18
6363 11588 17
2888 6363 16
7072 11588 16
5044 6363 16
1301 8291 16
6363 6871 15
6363 6406 13
2737 6363 12
2484 5180 12
2484 6363 12
2888 5044 10
6847 6871 10
6387 7072 10
7072 11585 10
2484 5044 9
1301 11094 9
2721 7072 9
4373 6363 8
5048 6363 8
2484 7302 8
5048 6387 8
5101 6363 8
2721 11582 8
5044 7072 8
2721 6387 8
6842 6847 8
11586 11588 8
5295 11582 8
1301 6363 8
5044 5295 7
2721 11588 7
6363 6847 7
6387 6871 7
4374 11586 6
11585 11586 6
5044 5048 6
9 7302 6
6506 11084 6
4372 5179 6
5709 6363 6
5044 8291 6
7 5295 6
2888 11585 6
7 7302 6
2888 7072 6
5044 5285 6
7072 7302 6
6363 6387 6
2737 7072 6
6363 6842 6
4374 6363 6
6399 6490 6
6363 7072 6
2862 5196 6
2721 2737 6
5196 11237 5
5073 6363 5
5295 6477 5
7 8291 5
4373 6847 5
1301 7072 5
6363 6488 5
2721 2888 5
5044 7302 5
5044 6819 5
5285 11582 5
2862 6363 5
7 1301 5
2780 11586 5
9 5044 5
5295 6363 5
5295 11084 5
7 4373 5
2721 5044 5
6363 6397 5
7 2721 5
6396 6397 5
5048 11586 5
6488 6847 5
4372 6860 5
11585 11588 5
6363 6793 5
5044 6506 5
2888 11588 5
6492 11084 5
4372 11582 5
7 2862 5
2780 11585 5
5098 5285 5
2721 11084 4
25 7302 4
5048 11582 4
5285 6506 4
2862 11586 4
1301 5305 4
5044 11023 4
5044 11585 4
6363 8291 4
5044 6815 4
4372 4492 4
5709 6871 4
5044 5179 4
6363 11237 4
2888 11586 4
4373 5196 4
7 9 4
9 6363 4
7 11586 4
2484 4374 4
6490 7302 4
2888 5295 4
5048 6871 4
4342 4373 4
5175 6363 4
6396 11585 4
5098 6871 4
5167 5175 4
6847 11586 4
2721 11585 4
6477 7302 4
7 5044 4
2484 5175 4
6818 6819 4
6492 6506 4
7 7072 4
2737 2888 4
5044 6820 4
2820 5302 4
5044 11084 4
6399 7302 4
7 5073 4
2810 6363 4
5044 5073 3
2721 11586 3
6363 7514 3
8291 11585 3
6411 6412 3
6506 6871 3
6871 11084 3
6506 11582 3
2484 6396 3
5180 7072 3
2737 11586 3
6492 7453 3
5098 6506 3
6396 11586 3
6363 6490 3
5098 11586 3
2862 4342 3
7 2888 3
4492 6871 3
4374 6396 3
5044 11586 3
4373 11237 3
5167 11586 3
5164 5167 3
7 5285 3
7514 11582 3
5295 5305 3
5044 5180 3
6363 11574 3
5285 6363 3
5164 6363 3
2737 2747 3
2820 5305 3
5179 6396 3
5180 6363 3
2849 6363 3
1301 2484 3
9 7072 3
2888 7514 3
1076 5274 3
2888 6387 3
5164 6387 3
1301 5179 3
25 2484 3
2780 5164 3
7 5305 3
6363 11084 3
2815 5179 3
9 2721 3
7 11585 3
2820 6860 3
2888 11023 3
2820 5285 3
6387 6506 3
2721 6506 2
7072 8291 2
2721 5305 2
4342 6363 2
5295 7072 2
4342 6871 2
4342 5164 2
2484 6871 2
5048 5164 2
5098 5180 2
4419 5196 2
7302 8291 2
5180 11582 2
53 5044 2
6436 6871 2
2820 2832 2
5180 6506 2
6392 6506 2
5175 6397 2
4373 6842 2
4374 5179 2
2737 11582 2
6847 8291 2
6387 6816 2
7 11588 2
6387 6817 2
2820 6436 2
6387 7302 2
5048 5175 2
9 32 2
4661 11237 2
2810 11587 2
2721 7514 2
2888 11582 2
1301 11585 2
2737 6871 2
5295 6399 2
6492 6847 2
4373 5175 2
5283 5302 2
2780 5073 2
2747 11582 2
2737 11588 2
7 4342 2
2721 6847 2
53 5304 2
4373 7453 2
1301 6793 2
2820 4372 2
5285 6860 2
8291 11586 2
5293 5295 2
5073 7072 2
53 5293 2
5044 6412 2
6363 11587 2
5164 6396 2
4342 5167 2
5048 5073 2
2721 11094 2
1076 4342 2
2721 7302 2
53 6492 2
4373 5073 2
2820 5098 2
5295 6387 2
2862 2888 2
4373 11574 2
2737 8291 2
6847 11237 2
6490 6506 2
4661 5196 2
2721 6397 2
2979 6847 2
5044 6818 2
5048 6396 2
32 1301 2
9 11586 2
2721 6818 2
2484 11585 2
2747 2780 2
7 5307 2
2780 6363 2
5098 11084 2
6387 6815 2
6363 11023 2
53 6387 2
5302 6506 2
5073 5295 2
5175 5179 2
5305 8291 2
4342 6387 2
1301 11583 2
2737 2780 2
4342 11586 2
5073 11585 2
4342 11582 2
5175 6871 2
4372 6477 2
1301 7302 2
6506 11585 2
4342 5048 2
2721 2862 2
5175 11585 2
11576 11586 2
4661 6363 2
2484 4342 2
6387 6847 2
6847 7453 2
9 6490 2
5167 6387 2
2820 5295 2
6824 6847 2
519 6363 2
4373 5709 2
6506 6847 2
4342 6477 2
5048 11585 2
5164 7453 2
7453 11585 2
5098 5302 2
2747 5295 2
1301 11588 2
6819 6820 2
5044 11582 2
2780 4342 2
2889 11588 2
9 6477 2
6396 7072 2
5048 5293 2
1076 11586 2
5167 7072 2
4372 5709 2
7 5164 2
4342 5098 2
5164 5175 2
2721 11237 2
5048 5295 2
2747 7072 2
6387 11582 2
6411 7453 2
5285 5305 2
6436 6860 2
2862 2979 1
4628 6847 1
6871 8291 1
1076 6436 1
6363 6824 1
53 6506 1
6411 6436 1
5044 6871 1
2832 5283 1
6490 7072 1
4486 11237 1
5293 6506 1
5098 6492 1
5044 5098 1
4342 6488 1
4372 6871 1
2810 2888 1
6813 6816 1
4342 11585 1
4373 6397 1
6387 7453 1
6842 7453 1
2820 6506 1
9 2820 1
2484 5296 1
3 7 1
6410 6412 1
4628 11084 1
7072 11576 1
4486 5196 1
11 7072 1
5101 6387 1
2737 5305 1
6387 11023 1
9 4342 1
2979 6490 1
5283 11084 1
6490 6871 1
5175 6842 1
8291 11582 1
2815 6871 1
6363 7453 1
6363 6477 1
5098 5305 1
1076 11237 1
452 8291 1
2721 8291 1
4342 5179 1
5295 6490 1
5180 11084 1
2737 6860 1
2780 6396 1
6492 11586 1
7 11574 1
6492 6871 1
4374 6397 1
5196 5274 1
7072 7514 1
8291 11094 1
4419 5274 1
5273 5295 1
2979 7302 1
2849 6847 1
6363 7302 1
5098 8291 1
2721 6436 1
5175 8291 1
4374 5048 1
521 11574 1
5098 7514 1
2747 5296 1
2820 5293 1
5274 6387 1
5175 6387 1
2815 4486 1
2737 2820 1
4372 5293 1
5179 6477 1
4342 7514 1
6387 6396 1
6814 6818 1
1076 6363 1
4486 6847 1
4372 6387 1
2484 5302 1
1301 11586 1
2862 4486 1
2484 5295 1
6391 6394 1
5098 6490 1
2780 6411 1
5073 6871 1
9 2747 1
5180 6492 1
6363 6492 1
2737 5164 1
2815 2820 1
5295 7514 1
7 5101 1
5283 11023 1
5073 8291 1
4373 6490 1
25 7072 1
2721 2747 1
2747 8291 1
7 6842 1
2721 4661 1
2979 6506 1
2889 6396 1
2780 5098 1
2721 5080 1
2862 6871 1
4486 6488 1
5274 6492 1
4419 5179 1
7 2849 1
4446 5196 1
2820 5307 1
2849 11585 1
2889 5044 1
5130 6506 1
2747 5073 1
5295 6412 1
6423 6506 1
2889 4373 1
4342 11574 1
2889 6436 1
2780 6871 1
2893 7072 1
9 5305 1
7 32 1
2849 2862 1
2780 4372 1
4373 8291 1
5709 11237 1
6387 6412 1
6847 11084 1
4486 6871 1
7 18 1
2979 4373 1
5167 6871 1
7 6847 1
2820 4342 1
4628 6363 1
6813 6815 1
7 6490 1
2820 5179 1
2737 5048 1
2721 6406 1
2737 5081 1
5305 11023 1
2747 11585 1
2979 6411 1
6488 6492 1
6412 11574 1
2780 5180 1
2780 6492 1
2862 6490 1
25 6387 1
2484 11586 1
5167 6397 1
6847 7978 1
11585 11587 1
5044 6399 1
6405 6410 1
6363 11398 1
6389 6391 1
4373 5164 1
5098 11574 1
6392 6426 1
6492 7514 1
2721 5081 1
5101 8291 1
9 2484 1
6372 8291 1
6387 6392 1
6814 6817 1
451 11583 1
25 4373 1
5175 6396 1
5164 5709 1
5293 11084 1
2747 4373 1
2737 2862 1
2849 5709 1
32 6412 1
2862 11585 1
7 11398 1
2810 6387 1
6860 6871 1
5130 6387 1
2780 7072 1
2721 5295 1
7072 11023 1
2780 6490 1
2780 6506 1
5048 7514 1
11084 11398 1
18 7302 1
1076 4419 1
6392 6423 1
2888 5167 1
2780 4373 1
4373 4628 1
2862 5180 1
2737 4372 1
668 11586 1
5044 6406 1
2810 11586 1
2737 6387 1
5290 7302 1
4342 6506 1
9 8291 1
6824 6842 1
7 2484 1
452 6372 1
6842 11084 1
12 4486 1
7 25 1
2815 5305 1
11587 11588 1
6824 6871 1
7 4372 1
2820 6871 1
5285 5295 1
2737 5293 1
5296 7302 1
4486 4661 1
6387 6477 1
2889 6506 1
2780 2832 1
5293 7514 1
53 6477 1
6818 6871 1
5167 6363 1
2737 7514 1
7 6871 1
9 6399 1
6793 11585 1
11 11588 1
5073 6818 1
5167 11585 1
1301 6412 1
2888 6477 1
2737 5175 1
6871 11023 1
5048 6399 1
5285 11023 1
2737 5044 1
7 5098 1
7 5175 1
5180 7302 1
6817 6820 1
5048 6506 1
2889 6871 1
5179 11586 1
5285 5302 1
9 5302 1
5305 6477 1
6406 11586 1
5130 6490 1
9 6871 1
4372 6411 1
2979 6387 1
1301 6411 1
6387 11574 1
2979 5130 1
6399 6477 1
2849 4373 1
5167 6396 1
2737 11084 1
1076 6387 1
2780 2815 1
5101 6847 1
1301 11576 1
2888 11084 1
6387 6818 1
5296 6477 1
6389 11585 1
7303 11585 1
2747 2820 1
18 6490 1
6392 6871 1
5080 7072 1
5180 5295 1
6842 6871 1
2484 2780 1
5305 11398 1
2747 4342 1
2862 4661 1
5179 6436 1
5175 6847 1
53 5285 1
4486 6363 1
5285 6490 1
6412 6417 1
9 6412 1
6387 6842 1
6436 6444 1
5290 5304 1
5044 6842 1
5295 5309 1
6477 11585 1
2862 2889 1
6477 6860 1
5098 11585 1
1076 7072 1
7 2810 1
5305 6436 1
6387 8291 1
2862 4419 1
9 11585 1
2979 5295 1
2484 2849 1
5295 5304 1
9 5048 1
5073 6477 1
2737 6842 1
6426 6506 1
6488 6871 1
5044 5273 1
2780 2888 1
5098 6387 1
2780 2820 1
7 5180 1
2484 5274 1
2888 4374 1
25 6490 1
5164 11585 1
53 4342 1
7453 11084 1
2815 5709 1
5274 11084 1
6426 6871 1
521 4373 1
2721 5048 1
25 11585 1
2862 6492 1
9 1301 1
5164 8291 1
2747 5098 1
2888 5073 1
2862 5101 1
32 11582 1
2862 6411 1
1076 7978 1
4628 6492 1
7 2815 1
2737 11585 1
2721 4342 1
5098 6847 1
25 2721 1
5295 6426 1
53 1076 1
7 6426 1
2721 11587 1
6477 8291 1
5179 6871 1
5101 5175 1
6404 6405 1
5295 5307 1
2820 6387 1
2820 6490 1
5073 6819 1
4372 6506 1
11023 11084 1
5098 5101 1
6363 6436 1
5196 11582 1
2888 6871 1
5098 5179 1
5048 7453 1
1301 5044 1
4372 11084 1
5164 6397 1
2721 7453 1
5164 11586 1
666 11583 1
8291 11237 1
6387 11588 1
4373 6477 1
6426 11084 1
8291 11574 1
6436 11582 1
9 6426 1
6871 11582 1
3 666 1
4373 6387 1
2484 6847 1
6411 7978 1
5073 5305 1
7 6506 1
2820 6477 1
7 4374 1
6477 11574 1
3 5180 1
4372 6436 1
4446 11582 1
6492 11582 1
9 25 1
6397 11585 1
6412 7453 1
6387 6492 1
2737 6824 1
5048 6847 1
2888 6847 1
2780 11582 1
5302 11575 1
6417 6436 1
9 2888 1
6426 6477 1
5073 5309 1
6394 6404 1
2721 2893 1
2810 2889 1
53 4372 1
2889 6363 1
2721 5285 1
2862 11588 1
2780 6847 1
7453 7514 1
5175 6477 1
2820 2979 1
6444 7453 1
1301 2888 1
5167 5179 1
2747 11574 1
2780 5274 1
6815 6820 1
6815 6819 1
6871 11586 1
12 4372 1
6847 7072 1
4492 11582 1
5048 11084 1
519 2780 1
6506 11574 1
6871 11585 1
2888 5048 1
5305 7072 1
4373 6871 1
2721 7303 1
2780 4628 1
2737 6506 1
4661 11586 1
4373 5167 1
4373 7978 1
6436 6847 1
1076 4628 1
6820 6871 1
6490 6860 1
3 1301 1
5180 5285 1
53 6363 1
4372 6363 1
6397 11587 1
2889 6815 1
32 11576 1
2888 5179 1
2889 5175 1
1076 2780 1
6492 6842 1
5073 6842 1
25 5295 1
4628 5274 1
4374 11585 1
18 6477 1
2889 5048 1
668 11576 1
5101 11574 1
5305 6490 1
5305 11084 1
519 11585 1
6819 6871 1
5098 11575 1
451 1301 1
5098 6363 1
6816 6820 1
2780 5196 1
1076 2862 1
2810 2862 1
5098 11582 1
5098 6842 1
6362 6426 1
2888 5164 1
6387 6426 1
5283 5305 1
18 5044 1
4373 11585 1
5274 6477 1
4372 6490 1
2721 4373 1
7 6396 1
18 5295 1
