7072 10980 159
2484 5179 27
7 2888 23
7072 10969 22
7 5295 18
2737 7072 18
7 7072 15
7 5044 10
2888 5295 10
5048 7072 9
5048 5179 9
7 10969 8
669 2888 8
5044 7072 7
7 6477 7
2721 2888 7
2484 5048 6
2737 5044 6
7 6387 6
5073 6477 6
6387 6477 6
32 2888 6
7 2737 5
7 5283 4
4342 6477 4
5304 5305 4
7 18 4
7 32 4
5044 5295 3
2484 2603 3
6387 6506 3
2888 5283 3
5295 10969 3
1301 2888 3
5073 6387 2
2484 5180 2
5044 5048 2
5295 7072 2
7 669 2
451 10981 2
5283 6387 2
32 665 2
669 10981 2
5180 6387 2
5283 7072 2
25 2888 2
32 2484 2
32 1301 2
2888 6399 2
2888 7301 2
7 5048 2
5048 5295 2
7 5179 2
2888 10984 1
2888 7072 1
5295 10980 1
7 2721 1
7301 10969 1
669 6477 1
7 4342 1
1301 2737 1
7301 7303 1
10981 10982 1
2603 5048 1
7 6399 1
2888 7303 1
5305 7072 1
7 5304 1
665 1301 1
32 2737 1
6490 6506 1
5304 7072 1
11 10980 1
32 669 1
5304 6477 1
7 5073 1
4342 5304 1
2484 2737 1
6387 6490 1
5305 6387 1
5073 5304 1
5283 5295 1
5295 10982 1
6399 10969 1
669 5295 1
665 5295 1
451 7303 1
2484 7072 1
669 10984 1
451 7072 1
5048 6477 1
11 5295 1
18 2721 1
5304 10980 1
18 10969 1
2721 5295 1
7303 10981 1
7 6363 1
665 7072 1
2888 6387 1
5295 6363 1
1301 7072 1
