1980 20466 26508
1980 23230 14754
1980 26060 12261
1835 1980 11805
1980 26102 11648
7 1980 9517
1980 20465 8488
1980 1988 8026
9 1980 6228
1980 2304 4409
7 1835 4185
9 1835 3603
7 23230 3594
1962 1980 3299
39 1980 3013
1980 26078 2919
1835 23230 2552
1835 27689 2539
9 23230 2166
20466 23230 2006
20465 20466 1991
7 20466 1718
1980 2335 1620
1980 27689 1608
1980 20433 1596
1835 20466 1453
1980 25608 1409
23230 26060 1262
1835 2335 1228
1835 1988 1217
1980 26073 1192
9 20466 1188
18 1980 1148
1980 2360 1134
7 1988 1100
7 2304 1094
9 1988 1094
1962 20466 1087
1835 2366 1085
1835 2304 1072
1835 26060 1059
7 26060 1052
2304 23230 1016
32 1980 965
25 1980 957
1980 26129 951
1980 26103 940
25 1988 854
39 23230 849
1835 1962 837
39 1835 831
1962 23230 744
7 18 736
23230 26078 712
9 26060 707
1835 20465 694
23230 26102 679
1980 26075 666
20465 23230 658
2304 2366 653
1835 25612 639
7 20465 633
25 1835 630
1988 23230 620
1980 20437 617
7 26078 614
7 27689 613
7 26102 603
1980 26074 603
9 39 600
53 1980 588
1835 26102 583
1980 2366 579
9 2304 578
1835 26078 570
7 2335 564
39 20466 558
1835 25608 539
7 1962 524
2304 2335 512
2334 20436 510
7 32 504
20466 26060 493
2360 27689 471
1988 27689 444
60 1980 444
1980 2414 440
18 1835 431
18 23230 424
1980 25612 423
2304 26060 414
2304 20466 412
46 1980 412
9 20465 411
7 60 402
1835 2360 393
7 25 389
7 53 387
2335 23230 384
234 931 384
7 2360 384
1980 2337 381
7 46 376
2335 2360 376
9 1962 373
9 4039 373
20466 26078 368
26060 26102 368
9 26078 367
26060 27689 364
1988 20466 361
1980 2387 361
2335 25612 358
23230 27689 354
1835 25611 353
1988 2304 352
1980 23189 351
1980 25713 348
20437 26103 346
2304 2360 344
9 26102 342
32 23230 341
1980 26076 340
39 2304 337
20466 26102 333
2304 2417 327
1835 20433 321
1980 25611 318
1980 2334 317
1980 28688 315
7 20433 305
7 2366 303
1980 28481 302
2304 25611 301
1962 26102 301
32 1835 297
1980 20436 293
26060 26078 291
1980 26067 291
9 2335 290
1980 28732 283
1980 28023 276
20465 26060 275
1237 1980 272
1980 26066 266
1980 4039 262
1980 28337 262
7 9 259
1962 26060 258
39 20465 256
2335 2366 255
39 26060 254
1988 20465 252
18 1988 250
20433 23230 249
1980 25547 249
28503 28504 243
2334 20433 235
2335 26060 232
1980 26064 231
1988 26078 231
1980 24643 226
7 20437 225
1980 28335 225
2304 20465 225
1980 26063 223
1980 23231 216
25 23230 215
1980 25202 214
20466 27689 214
23230 26129 213
1980 26069 212
7 26129 209
39 1988 209
2366 20437 208
7 39 207
1980 25637 204
2304 26102 203
9 20433 202
1835 26129 201
1980 28495 200
26066 26067 199
7 2334 198
1980 28116 194
1980 25913 191
1980 28334 191
9 2366 191
1962 1988 190
1962 2304 185
1980 26065 185
39 2366 184
20465 26078 181
1988 26060 181
1980 28161 180
2337 2366 180
1980 28494 179
1835 26064 179
2360 23230 177
18 20466 176
1242 1980 175
53 1835 171
39 2335 171
26078 26102 170
1988 26102 170
2304 20436 169
1235 1980 169
1980 2417 167
2360 2366 163
1234 1980 161
1980 27694 160
2335 20466 159
2304 27689 159
1835 28692 158
2304 25612 158
20465 26102 157
20 1980 157
1988 2335 156
1980 28497 154
32 1988 154
1988 2360 152
1241 1980 152
60 1835 151
2304 26078 150
9 27689 149
7 2337 148
9 2360 148
1238 1980 147
39 20433 147
7 25611 145
1980 25640 145
39 26078 145
1239 1980 144
1835 28688 144
7 20436 143
1980 28320 143
28483 28489 143
1236 1980 142
53 23230 142
1835 20437 141
20465 27689 140
1835 26061 140
7 25612 139
46 23230 139
22 27689 138
1980 25916 138
2304 20433 137
2360 26060 137
1231 1980 137
1835 2337 135
2337 2360 134
7 26103 133
1230 1980 133
32 20466 132
1962 20465 131
9 26129 130
1835 28736 130
1988 20433 129
18 26060 129
20437 23230 128
32 26060 127
1835 26103 127
20466 26129 127
1980 28711 127
39 26102 126
1980 25717 126
1970 27689 125
39 1962 123
1233 1980 123
1988 26063 123
1980 26062 121
2335 25717 121
7 26062 119
1835 28711 118
23230 26103 118
2366 23230 118
1980 26068 118
7 25608 117
46 1835 115
23230 26066 115
18 2304 113
20433 26060 113
1244 1980 113
2304 20437 111
28326 28327 111
39 2360 110
2331 2417 109
1980 24786 109
2360 20436 108
1835 4039 107
2335 20437 106
1988 2366 105
1980 28691 105
20437 26060 105
1980 26104 105
26060 26129 104
1835 25717 104
1835 25547 103
25 20466 103
2304 2334 103
2335 20433 103
7 26073 102
2335 25913 102
60 23230 102
1980 25716 102
1980 26061 102
1835 28732 102
7 26075 102
1835 20436 101
2360 25611 101
23230 26067 100
20465 26103 100
1980 28068 100
20433 20436 100
1980 27607 99
1232 1980 98
20433 20466 98
1980 26251 98
1962 27689 97
1835 2334 97
931 26075 96
1980 28336 96
2335 20465 94
1237 1835 94
2335 2417 94
2366 25611 93
25 27689 92
2360 20437 92
23230 25612 91
1980 26092 91
1980 26123 90
2331 2335 90
1246 1980 90
2335 25611 90
1980 26120 90
39 27689 90
1980 28692 90
23230 26062 89
2304 2414 88
9 20437 88
2304 25608 88
2334 23230 88
1980 2331 88
26102 27689 87
2304 25716 87
60 20466 87
1980 25641 87
1980 25616 86
2366 26060 86
26078 27689 86
2304 25717 86
1835 25713 86
7 28497 86
23230 26061 86
23230 25611 84
1980 28662 84
1835 26123 83
7 26074 83
9 2337 83
1962 20433 83
1835 26075 83
2335 2414 81
20437 20466 80
1835 2417 80
18 26102 80
234 1980 78
25 2304 78
9 26103 78
23230 26068 77
1988 26129 77
1980 25614 76
20465 26062 76
2360 20465 75
1234 1835 75
1980 26252 74
1962 26078 73
7 26076 73
20436 26061 73
2335 28692 72
1980 28502 72
7 25717 72
2304 2390 71
23230 25608 71
9 25608 71
2335 26078 71
1247 1980 71
2304 23192 71
1988 20437 70
20433 20465 70
2335 25608 70
18 20465 67
1970 1980 67
2335 20436 67
1980 25766 66
18 26078 66
25608 25611 66
1988 26061 66
1835 28023 66
1835 24643 66
7 26104 65
2304 26129 65
1835 2414 65
7 25716 65
25 26060 64
1980 25881 64
2304 25913 64
2360 20466 64
20465 26129 64
32 26102 64
53 2304 63
9 26073 63
1835 28662 63
1988 28488 63
23230 25547 63
1835 28116 63
1980 28641 62
23230 26075 62
1835 26073 62
32 26078 62
39 2337 61
2337 23230 61
39 26129 61
20436 23230 61
32 20465 61
32 2304 60
7 24643 60
931 2356 60
1962 26129 59
2366 20436 59
1980 27712 59
2366 25612 59
1835 26074 59
2334 26060 59
46 2304 59
25 20465 59
1835 25716 59
23230 24643 59
20433 27689 59
2335 2337 59
23230 28023 59
1980 21722 59
7 25547 58
2337 26060 58
20466 25547 57
26060 28023 57
931 2582 57
1835 27607 57
25 1962 57
2366 20433 56
2335 27689 56
25608 26060 55
7 28337 55
1242 1835 55
23230 26104 55
2360 20433 55
46 20466 55
23230 26076 55
2366 20466 55
1980 25615 55
1980 28496 54
18 39 54
25611 25612 54
20466 26103 54
18 1962 54
1988 26103 54
26060 26103 54
1237 23230 54
1835 26104 53
39 2334 53
7 1237 53
23230 26074 53
7 23231 53
53 20466 53
25612 26060 52
20433 26102 52
2335 25641 52
26102 26129 52
7 2417 52
60 2304 51
39 20437 51
1980 28485 51
1835 23231 51
4039 23230 51
7 28023 51
2335 26102 51
7 4039 50
1935 1980 50
32 1962 50
26111 26115 50
1962 2335 49
9 46 49
1243 1980 49
46 26060 49
9 25612 48
1988 25608 48
7 28116 48
60 20465 48
1980 2390 48
25 2360 48
46 1988 48
1988 20436 47
25611 25615 47
7 25713 47
25611 26060 47
1835 28691 47
23230 23231 47
26078 26129 46
9 26074 46
39 20436 46
1237 20466 46
1242 23230 46
23230 25717 46
9 26104 45
9 234 45
1980 25613 45
2335 26063 45
1835 25637 45
28694 28696 45
18 27689 45
60 26060 45
2335 28688 45
25 26078 45
2304 26103 45
26062 26066 45
28693 28696 44
26063 26064 44
2304 25916 44
26073 26075 44
2335 25637 44
9 26075 44
1937 1980 44
23230 25913 44
931 25608 44
2304 25637 44
1835 28714 44
931 1980 44
2335 25713 43
1970 23230 43
2304 26061 43
7 1234 43
39 25608 43
2417 26060 43
1233 1236 43
7 22 43
9 53 43
28693 28694 43
20 23230 43
2335 25205 43
2335 25716 43
1988 26104 43
9 26076 43
26112 26115 42
20436 26060 42
20433 20437 42
24643 26060 42
1835 25202 42
9 32 42
20466 25608 42
234 2356 41
931 1835 41
2366 20465 41
7 28485 41
20433 26078 41
23230 26073 41
9 2334 41
1835 26076 41
26073 27689 41
2360 25716 41
2304 28665 41
9 18 40
1835 25916 40
1988 25716 40
25 26102 40
2335 28732 40
20466 26074 40
1244 1835 40
9 20436 40
7 25913 40
53 1988 40
20 26060 40
2335 28736 39
18 2360 39
1232 1236 39
1980 28330 39
1230 1236 39
32 2360 39
39 25612 39
23230 25637 39
20 1835 39
28495 28496 39
1236 1238 39
1835 28666 39
2304 2337 39
7 1970 38
1233 1239 38
7 1937 38
1835 26120 38
2366 25608 38
7 28691 38
20465 26074 38
25608 27689 38
26074 27689 37
20437 26102 37
2360 25717 37
23230 28337 37
7 25202 37
1233 1238 37
39 26076 37
25202 25205 37
1835 24786 37
23230 28116 37
20437 26078 37
1980 23192 37
39 25611 37
2331 2366 36
46 20465 36
25 2335 36
2360 26078 36
7 2414 36
1980 28325 36
2366 28692 36
25611 25616 36
53 26060 36
7 25641 36
32 27689 36
23230 25916 36
1980 25926 36
20466 28023 36
23230 25716 36
20466 26073 36
23230 28497 36
9 1237 35
1980 2329 35
1835 25616 35
1980 2361 35
2360 25612 35
2335 23192 35
39 26103 35
1980 28665 35
1232 1835 35
1236 23230 35
46 26102 35
32 39 35
39 46 35
9 25 35
1835 28497 35
22 931 35
931 1988 35
7 1246 34
9 25637 34
26074 26075 34
25716 25718 34
1835 28715 34
1835 1937 34
20436 20466 34
1835 2331 34
23230 26064 34
1835 25913 33
20466 25611 33
26060 26069 33
2366 25717 33
26073 26074 33
1988 26073 33
20437 20465 33
2417 25611 33
2304 25640 33
26075 27689 33
1988 26076 33
39 26075 33
20436 20465 33
931 2354 33
2366 25716 33
18 2335 33
1980 28644 33
1980 2403 32
60 1988 32
1980 28490 32
23230 25713 32
26073 26076 32
2417 23230 32
25 39 32
931 26060 32
39 60 32
28341 28345 32
2335 25613 32
1988 2334 32
1238 1239 32
7 26252 32
1980 28735 32
1980 28499 32
2337 2414 32
1230 1835 32
7 26251 32
1835 1935 32
1234 26060 32
2334 2360 32
7 27694 32
1988 2337 32
1239 1835 32
9 60 32
1230 1239 31
1235 1238 31
1988 24643 31
1002 1980 31
9 25611 31
7 1242 31
1234 1236 31
2366 26078 31
1235 1236 31
1988 25547 31
26113 26115 31
9 25547 31
32 20433 31
1236 1835 31
1238 1835 31
2304 28714 31
1231 1235 31
1962 26067 31
23230 28691 30
4039 26060 30
1230 23230 30
1234 23230 30
26123 27607 30
2414 23230 30
23230 26069 30
1235 1239 30
1950 1980 30
20466 24643 30
1230 1238 30
1231 1236 30
234 2361 30
2304 26063 30
1988 28023 30
7 1244 30
7 1239 29
9 1234 29
7 21722 29
22 1980 29
53 20465 29
1962 26064 29
7 26069 29
20466 25913 29
1980 25205 29
2335 25202 29
53 1962 29
1980 28714 29
1236 20466 29
25716 25717 29
2366 25616 29
1230 1231 29
1235 23230 29
1233 1835 29
7 25615 29
7 234 29
28693 28695 28
1835 25615 28
7 25916 28
20466 28116 28
22 26060 28
2366 27689 28
2331 2414 28
234 28432 28
23230 26123 28
25608 26078 28
20437 27689 28
2334 20466 28
25547 26060 28
7 26120 28
9 1242 28
69 1980 28
1962 2360 28
7 1236 28
1962 26068 28
1231 1238 28
9 23231 28
28494 28495 28
1235 1835 28
2335 25615 27
26129 27689 27
1237 1988 27
7 26123 27
46 1962 27
2337 27689 27
2360 28692 27
23189 23192 27
9 25913 27
931 2361 27
18 26129 27
1835 28735 27
25716 26060 27
2335 26103 27
1980 25114 27
7 2390 27
1233 23230 27
23230 25202 27
2366 28645 27
26113 26114 27
7 25637 27
1249 1980 27
7 1241 27
25611 25614 27
1232 23230 26
2331 23230 26
53 2335 26
1980 28323 26
20466 26123 26
20436 20437 26
1232 1233 26
7 1232 26
20465 25608 26
9 28023 26
25611 25613 26
2304 25205 26
1232 1239 26
2304 26064 26
26123 26252 26
2337 20466 26
7 28068 26
18 20433 26
25 20433 26
1988 25611 26
20433 26129 26
1988 26074 26
1230 1232 26
1980 28736 26
1238 23230 26
1962 28023 26
26075 26076 26
1988 4039 26
1980 28695 26
25717 26060 26
1232 1235 26
2335 2387 25
53 20433 25
9 28337 25
26251 27607 25
1230 1235 25
2304 24643 25
1231 1239 25
2366 25615 25
1231 23230 25
1962 26073 25
1238 26060 25
1236 26060 25
2304 28691 25
1941 1980 25
7 1233 24
1242 26060 24
20 1988 24
9 1970 24
20465 25547 24
20466 26251 24
2331 2360 24
25640 26060 24
20465 26076 24
2390 26060 24
20466 25612 24
23230 25640 24
1962 28337 24
28341 28343 24
1835 2390 24
1241 1835 24
9 1241 24
1234 20466 24
1244 23230 24
2414 2417 24
2331 26060 24
2335 28662 24
25612 25616 24
39 25713 24
1962 26076 24
26123 26251 24
1236 1239 24
26102 26103 24
1980 28538 23
1233 1235 23
234 2354 23
234 2582 23
26069 26073 23
931 20465 23
1239 23230 23
25614 25615 23
1237 26060 23
1980 2582 23
25 20437 23
23230 26120 23
23189 23230 23
1237 2304 23
24786 25611 23
25913 26060 23
4039 20466 23
20465 26075 23
931 2335 23
2304 25202 23
2304 23189 23
60 2335 23
1247 1988 23
1835 28337 23
1962 28497 23
23230 28325 23
28343 28345 23
7 1231 23
1835 26092 23
1962 20437 23
26074 26104 23
23231 26060 23
234 1835 23
1232 1234 22
25916 26060 22
26060 26074 22
25612 25613 22
1234 1238 22
20466 23231 22
7 28346 22
1980 28699 22
7 1235 22
2304 28692 22
1980 28339 22
20466 26120 22
26120 26251 22
1246 23230 22
20466 26067 22
1988 25913 22
2366 25614 22
2360 25608 22
25713 25716 22
2304 26076 22
1835 25618 22
26068 26078 22
9 25616 22
25202 26060 22
2304 25615 22
1231 26060 22
26092 26120 22
2417 20466 22
9 28116 22
2334 2366 21
53 2360 21
9 25713 21
26103 27689 21
25612 26078 21
1988 25637 21
20466 25716 21
2335 25616 21
60 26102 21
20436 26078 21
2304 25713 21
60 20433 21
7 1238 21
1835 28339 21
46 2335 21
28494 28496 21
1231 1233 21
1980 28700 21
2335 25614 21
39 28337 21
1234 1988 21
20466 26104 21
2360 2417 21
7 23189 21
931 4039 21
1980 28503 21
1230 1234 21
1980 28694 21
1835 26069 21
53 27689 21
2360 26103 21
39 2414 21
1241 23230 21
2304 4039 21
2335 2390 21
26060 28116 21
1234 1239 21
20465 28023 21
26092 26251 21
25608 25612 21
2335 26129 21
2335 23189 21
1247 1835 21
25717 25719 21
1962 2366 21
1244 20466 21
18 32 21
1246 26060 21
39 27694 21
2304 25641 21
20437 26129 20
1835 26066 20
286 1980 20
1980 27714 20
2360 2414 20
9 1246 20
1835 25881 20
1233 1234 20
1232 1238 20
28335 28337 20
23230 25641 20
2414 26060 20
1988 28497 20
2304 26066 20
39 25717 20
20466 26076 20
2360 26102 20
28334 28343 20
2335 28715 20
1962 26074 20
2360 28691 20
20466 26075 20
28336 28337 20
1247 23230 20
1980 2404 20
25 26129 20
26063 26078 20
60 26078 20
7 28692 20
7 931 20
9 1244 20
7 2331 19
23230 24786 19
1980 28645 19
26060 26075 19
39 25547 19
7 20 19
26102 26123 19
26120 26123 19
9 1233 19
18 2366 19
1988 26075 19
1988 2331 19
9 25916 19
1988 25612 19
32 20437 19
7 27607 19
7 28353 19
1235 1988 19
1962 25547 19
26060 26251 19
1835 25614 19
9 25202 19
9 26123 19
26060 28692 19
1980 28324 19
1970 20466 19
20465 25612 19
32 2335 19
1244 26060 19
25612 27689 19
1237 1962 19
25611 27689 19
1244 20465 19
25547 26078 19
1236 1988 19
1980 28678 19
234 2329 19
18 26103 19
1835 26252 19
1835 21722 19
1239 20466 19
2304 25547 19
1988 28116 19
26067 26078 19
7 26092 19
1231 1232 18
28737 28740 18
28330 28337 18
1980 28504 18
1242 1988 18
25713 26060 18
2335 28645 18
2304 2387 18
1246 20466 18
26112 26113 18
1236 1962 18
39 28692 18
22 2356 18
1236 20465 18
1980 28675 18
2304 25616 18
2360 26129 18
1962 26061 18
2366 28695 18
60 2366 18
1835 28501 18
2366 2414 18
26076 26104 18
9 2414 18
2304 25613 18
20465 26068 18
23230 26251 18
39 4039 18
39 28116 18
7 25616 18
39 24643 18
9 24643 18
1988 25713 18
7 2403 18
9 1236 18
7 28335 18
9 26120 18
2337 2417 18
18 25608 18
1980 2356 18
2366 28714 18
931 28732 18
1230 20466 18
2335 25766 18
2334 2387 18
1246 1835 18
25612 25615 18
7 1247 18
23230 28692 18
39 28495 18
20 20466 18
9 1232 18
1962 2337 17
26092 26123 17
39 26061 17
1988 28341 17
1238 20466 17
1230 26060 17
1980 28737 17
1231 20466 17
2390 23230 17
23189 26060 17
7 28735 17
4039 26102 17
28496 28497 17
20466 28497 17
1980 25662 17
2304 2361 17
53 26102 17
9 25717 17
1233 20466 17
1835 25613 17
1962 26103 17
1835 28161 17
1980 28693 17
2366 2417 17
1988 28495 17
2304 25881 17
28334 28337 17
22 23230 17
26076 26102 17
4039 20465 17
20433 25608 17
25608 25616 17
2366 28691 17
26060 28497 17
26076 27689 17
25613 25616 17
20433 27694 17
2414 20465 17
60 1962 17
7 25613 17
20466 25202 17
1247 26060 17
9 25716 17
2366 28736 17
23230 28732 16
2366 27694 16
1709 1980 16
1962 26075 16
1835 25641 16
2304 28023 16
26120 27607 16
1835 25640 16
1241 26060 16
2403 23230 16
1980 28520 16
7 1230 16
2417 26078 16
46 26078 16
2360 25640 16
1835 27668 16
25205 25611 16
20433 26103 16
18 26076 16
1980 2354 16
1233 26060 16
39 28688 16
1232 26060 16
9 26092 16
23230 26252 16
1235 20466 16
1980 28696 16
2360 25615 16
1980 28444 16
950 1980 16
60 27689 16
32 25608 16
1239 26060 16
7 25881 16
2366 26102 16
1988 25202 16
900 1980 16
4039 27689 16
46 27689 16
234 2335 16
1228 1980 16
39 26074 16
26078 26103 16
20465 28068 16
2334 26067 16
2304 28735 16
1238 1988 16
1232 20466 16
46 2360 16
20465 25202 16
1835 2387 16
2331 2337 16
26252 27607 16
2335 25547 16
2390 2404 16
26120 28161 16
9 28691 16
2414 26066 16
26103 28485 16
39 1244 15
28735 28738 15
1835 23189 15
1835 26251 15
9 25614 15
1239 1988 15
2366 25613 15
25 2366 15
25 32 15
1835 28693 15
23230 26092 15
7 25614 15
32 2366 15
26060 26076 15
20466 25717 15
7 28161 15
1980 28488 15
9 26069 15
2366 26129 15
1835 25766 15
39 1234 15
26111 26112 15
20465 25616 15
9 25613 15
28667 28670 15
26110 26112 15
26076 26078 15
1980 25602 15
18 20437 15
2390 25611 15
1835 28336 15
1962 1970 15
32 26073 15
46 20433 15
39 2417 15
39 28497 15
1988 2417 15
1234 1235 15
1247 20466 15
2334 2390 15
26060 26252 15
1244 1988 15
9 2417 15
39 26092 14
39 1242 14
2337 26078 14
931 2304 14
53 26078 14
26110 26113 14
1980 27716 14
931 2329 14
1835 23192 14
26064 26066 14
1962 20436 14
26073 26104 14
1988 23189 14
1980 25621 14
1980 25618 14
2366 28693 14
1233 1988 14
1244 1962 14
1919 1980 14
25547 26102 14
1937 26060 14
1835 28645 14
39 28023 14
2304 28688 14
9 28334 14
234 2414 14
2387 2404 14
2335 25640 14
25713 26078 14
1242 20465 14
2366 28688 14
23230 28688 14
20436 25611 14
1988 28691 14
1962 26062 14
23230 28494 14
2414 27689 14
1988 28490 14
7 1935 14
2334 4039 14
26063 26103 14
26102 28023 14
25608 25614 14
9 27607 14
1962 2334 14
2335 26076 14
9 20 14
26073 26102 14
26060 26092 14
24643 26102 14
2414 20466 14
1980 2423 14
9 21722 14
7 24786 14
20466 28337 14
7 28665 14
25615 25616 14
1970 1988 14
9 26251 14
9 1239 14
2304 28644 14
2417 20465 14
1835 28068 14
20466 26069 14
20466 25916 13
20 2304 13
39 25913 13
1988 2414 13
1988 26069 13
26078 28023 13
9 25926 13
1988 23231 13
2337 20465 13
26092 28161 13
39 26123 13
2360 28644 13
25614 25616 13
2304 26074 13
2304 25614 13
1835 28334 13
24789 25202 13
2335 28691 13
7 26065 13
28497 28499 13
1962 25202 13
9 931 13
39 53 13
25913 25916 13
26060 28711 13
1231 1835 13
26069 28023 13
2356 2390 13
1962 26123 13
53 25612 13
28737 28738 13
25611 25637 13
9 1230 13
26078 28116 13
2337 27712 13
9 28688 13
2360 25614 13
2334 25612 13
25641 26060 13
20437 26075 13
1242 20466 13
1980 25661 13
39 25615 13
234 23230 13
1237 26102 13
1231 1234 13
32 26076 13
1235 26060 13
9 28495 13
23230 27607 13
9 1238 13
1988 26251 13
1232 1988 13
1234 2304 13
18 26074 13
26103 26129 13
25547 27689 13
2304 2356 13
20465 23231 12
2304 26073 12
32 26129 12
23192 25611 12
21722 23230 12
1962 28116 12
1962 26104 12
7 2404 12
1231 2304 12
4039 26066 12
234 20466 12
39 25640 12
18 25612 12
2335 28739 12
2304 28497 12
1237 26078 12
25611 26063 12
32 26103 12
2390 25615 12
28695 28696 12
1980 25786 12
2335 27694 12
9 2331 12
2304 28116 12
9 27694 12
2334 2335 12
26078 26120 12
1980 28534 12
7 28688 12
28691 28695 12
20465 28116 12
1237 20433 12
900 1030 12
25913 26102 12
20466 25637 12
1250 1980 12
53 2366 12
1246 20465 12
1980 26096 12
4039 20433 12
1242 2304 12
1233 20465 12
965 1980 12
1231 20465 12
26102 26251 12
28739 28740 12
2304 26069 12
39 26073 12
26069 28161 12
2417 28735 12
1235 2304 12
234 4039 12
1835 28700 12
1962 25611 12
1246 1962 12
1233 2304 12
26251 28161 12
965 2304 12
9 23189 12
2337 20437 12
1835 2361 12
18 2337 12
1980 28629 12
2356 25612 12
20433 25611 12
25608 25615 12
1980 2365 12
20465 25611 12
20436 23192 12
7 28496 12
18 2334 12
1835 28695 12
25611 26078 12
39 23189 12
25611 26102 12
2404 25611 11
1988 25916 11
25 2337 11
26104 26252 11
26074 26102 11
2304 2331 11
25 46 11
931 2330 11
1962 26069 11
2331 2334 11
2304 26104 11
26110 26115 11
2335 24786 11
1 1980 11
2337 26102 11
2414 20433 11
2337 20433 11
1835 28495 11
2403 2404 11
26074 26252 11
26060 26123 11
2304 24786 11
28692 28695 11
2334 28665 11
26075 26102 11
39 1236 11
1962 25913 11
26092 26102 11
1241 1962 11
1962 24643 11
2334 26078 11
2331 2390 11
20466 28161 11
28337 28345 11
2335 28696 11
1239 2304 11
26252 28184 11
25637 26060 11
1244 2304 11
1835 26063 11
26060 28691 11
28334 28335 11
1988 26120 11
9 1247 11
1988 26252 11
20466 25640 11
26069 26076 11
25612 25614 11
9 2390 11
1230 20465 11
28341 28353 11
24786 26060 11
20465 26104 11
28336 28341 11
32 2334 11
26063 26066 11
1935 1988 11
965 23230 11
20465 25637 11
1835 2403 11
2304 26075 11
1835 28694 11
26112 26114 11
1988 25641 11
39 25202 11
7 2329 11
234 2304 11
23230 25881 11
881 1774 11
25613 25615 11
39 1237 11
25713 27689 11
1980 28353 11
20465 25640 11
26074 26078 10
1980 28656 10
1980 28666 10
26073 26252 10
46 2366 10
1230 1233 10
39 1247 10
2366 27714 10
18 24643 10
9 25641 10
1962 26092 10
1234 20465 10
2337 20436 10
20465 26092 10
1988 26110 10
1980 2315 10
2335 28714 10
1970 26060 10
23230 28161 10
20 20465 10
9 26252 10
26069 26074 10
1988 21722 10
28345 28353 10
27689 28481 10
26075 26104 10
1231 26102 10
39 26104 10
24643 26078 10
25637 25766 10
1988 28339 10
1980 28341 10
1988 28644 10
2304 21722 10
2304 28645 10
1835 28494 10
1988 28343 10
2334 27689 10
2335 21722 10
25 26103 10
965 25611 10
9 1231 10
2335 24643 10
20466 26092 10
26076 26251 10
20436 25637 10
7 27716 10
2360 25616 10
1980 28517 10
1835 27694 10
2334 2417 10
53 25608 10
1241 1988 10
2331 20465 10
2335 28738 10
20466 25766 10
25608 25613 10
60 26129 10
9 2356 10
24786 25205 10
25916 26078 10
1244 26102 10
1238 2304 10
26092 26252 10
1980 28576 10
2335 2356 10
2360 25641 10
26069 26102 10
26078 26104 10
26073 27607 10
25716 27689 10
60 26067 10
22 234 10
4039 26078 10
25611 25881 10
20436 27689 10
1962 2414 10
20436 25202 10
1962 27607 10
1937 23230 10
2366 28735 10
234 1988 10
7 28334 10
234 2366 10
1988 28692 10
1962 25916 10
21722 26060 10
23192 26060 10
2304 23231 10
25202 25611 10
1241 20466 10
26078 26123 10
1233 26102 10
25719 25720 10
1241 20465 10
23230 28068 10
39 25916 10
23230 25613 10
23230 25618 10
1230 1988 10
53 20436 10
2335 25881 10
2417 28691 10
25612 26102 10
7 2356 10
2335 4039 10
20465 25916 10
1988 26123 10
25916 26102 10
9 28692 10
25766 26060 10
7 28696 10
2304 28662 10
234 2417 10
931 26076 10
46 20437 9
2335 28693 9
18 1237 9
2414 25611 9
2360 28688 9
28714 28718 9
1246 26102 9
7 2387 9
7 28336 9
32 28023 9
1937 1988 9
39 28494 9
1962 4039 9
9 28497 9
2390 20436 9
25608 26103 9
23192 23230 9
26060 28161 9
1835 2582 9
1980 28740 9
7 25723 9
39 1970 9
2335 28735 9
9 2582 9
2515 3092 9
25547 26067 9
39 26251 9
2361 20466 9
1236 2304 9
2366 25641 9
2366 28647 9
1835 1970 9
1980 25947 9
39 25716 9
1980 27929 9
23230 28336 9
1243 26060 9
1835 28341 9
2335 2361 9
2304 26123 9
9 24786 9
931 2366 9
1980 28037 9
32 26074 9
32 53 9
46 26129 9
25717 25720 9
1232 2304 9
27607 27689 9
1937 20466 9
20466 28068 9
26075 26078 9
2366 26075 9
20466 27607 9
1237 20465 9
20433 26076 9
2304 25766 9
1244 26078 9
20433 25202 9
39 23231 9
23230 25614 9
1247 20465 9
1935 23230 9
26251 26252 9
2335 28644 9
26060 28336 9
20437 25547 9
20466 26068 9
1988 25717 9
20465 28335 9
23230 25615 9
1234 26078 9
26067 26068 9
2390 25608 9
26092 27607 9
1236 20433 9
23230 25926 9
1980 27668 9
23231 26078 9
18 20436 9
20433 23192 9
20466 26064 9
1247 1962 9
26074 26076 9
23189 25881 9
7 25766 9
2331 20466 9
20436 25205 9
26065 26067 9
1247 2304 9
53 28495 9
26114 26115 9
24643 27689 9
2366 28696 9
2329 2356 9
26110 26114 9
2334 28691 9
39 26120 9
26129 28023 9
9 2354 9
39 28335 9
1242 1962 9
1962 25608 9
7 965 8
1236 26102 8
22 39 8
2360 25613 8
26102 28116 8
22 1835 8
26073 26251 8
26078 28497 8
2335 25926 8
22 1962 8
28334 28336 8
1230 2304 8
53 26104 8
2387 2403 8
20466 27694 8
1980 24789 8
21722 25611 8
26078 26092 8
1835 28335 8
2335 26066 8
26060 28501 8
25913 26078 8
24643 26129 8
1988 25205 8
20466 28499 8
20466 26252 8
2390 25612 8
1970 2304 8
25 25202 8
2337 25717 8
1970 26102 8
26120 26252 8
2366 4039 8
20466 24786 8
20466 23192 8
28485 28499 8
2304 2329 8
23230 28346 8
1249 1988 8
20466 23189 8
1835 28696 8
1030 1980 8
1249 1835 8
7 28339 8
1980 28346 8
25637 25640 8
7 28645 8
32 1237 8
1988 28161 8
2337 25716 8
2337 4039 8
23231 26067 8
1962 25926 8
26069 26251 8
1835 28345 8
1980 28501 8
2387 23230 8
25612 25618 8
26074 26251 8
7 2365 8
931 2337 8
26066 27689 8
23230 25616 8
2335 28700 8
20433 25640 8
20433 23231 8
2414 26078 8
7 28732 8
25 26075 8
234 20465 8
23230 28735 8
2360 28695 8
25 1237 8
53 26074 8
25547 26064 8
2304 2403 8
2414 26067 8
2366 28665 8
20466 28490 8
18 27694 8
26060 27607 8
2354 23230 8
2417 26064 8
28330 28335 8
27689 28688 8
26075 26120 8
20465 26123 8
1988 25615 8
27689 28495 8
9 25615 8
1980 26113 8
7 1002 8
25613 25614 8
1962 25717 8
28737 28739 8
26060 27694 8
25615 26060 8
25637 27689 8
2334 26102 8
1962 2417 8
25766 25881 8
25640 25641 8
28335 28345 8
20466 25926 8
2335 28737 8
1988 24786 8
2329 23230 8
1835 1950 8
18 26075 8
2417 25608 8
25916 26129 8
2334 2337 8
26060 26120 8
2334 25611 8
1234 1962 8
23230 28714 8
20466 25881 8
1988 27694 8
20 2335 8
60 28688 8
25547 28116 8
2360 4039 8
7 23192 8
7 28499 8
2335 28695 8
1980 28739 8
1835 25621 8
23230 25766 8
4039 28337 8
20465 28337 8
28691 28693 8
27689 28641 7
26061 26069 7
69 1835 7
1234 2417 7
20466 28691 7
2335 23231 7
931 25611 7
20 2414 7
1835 2329 7
2404 20436 7
1234 2360 7
2366 2390 7
7 28736 7
26073 26120 7
1835 2336 7
32 26104 7
39 26252 7
1962 28503 7
1980 28331 7
26102 27607 7
1941 23230 7
2335 28647 7
4039 25608 7
25 1238 7
23192 24786 7
28738 28739 7
9 23192 7
20465 25713 7
1238 20465 7
26073 26123 7
1242 26102 7
2304 27694 7
23189 25202 7
25717 25718 7
2335 26069 7
1835 2356 7
22 25547 7
1937 2304 7
1970 2335 7
53 2337 7
28335 28336 7
23230 28499 7
1988 26091 7
1241 26102 7
965 2335 7
25713 26102 7
2366 28694 7
60 20437 7
24786 25766 7
2304 28696 7
1962 26066 7
1962 26120 7
60 26075 7
1238 26102 7
39 28068 7
23231 25611 7
39 25614 7
20465 27694 7
2414 8619 7
4039 26103 7
32 4039 7
20466 25614 7
25611 25766 7
1980 28327 7
27689 28023 7
25608 26129 7
2404 23230 7
931 2414 7
9 1235 7
1988 28688 7
7 28494 7
9 28714 7
9 28490 7
2417 20433 7
2335 26074 7
18 28116 7
25716 26078 7
1230 1962 7
2304 28711 7
2329 2361 7
28692 28696 7
25202 25766 7
2334 20465 7
32 1244 7
46 2334 7
39 24786 7
1232 20465 7
1236 26078 7
21722 27689 7
1231 2335 7
18 25 7
900 2335 7
1230 20433 7
26075 27607 7
9 26066 7
26060 28504 7
1988 25640 7
25612 26103 7
1231 1988 7
2304 2551 7
26060 28503 7
1935 2304 7
2404 26060 7
1234 2335 7
39 28496 7
2387 25611 7
26060 28499 7
2387 27689 7
39 1950 7
1988 28499 7
2304 8620 7
20433 25205 7
1241 26078 7
25202 26078 7
20 2417 7
20465 28688 7
1835 28679 7
2289 27668 7
22 2304 7
881 2335 7
28691 28692 7
1962 26063 7
25718 25720 7
2304 25723 7
1 7 7
20465 25881 7
26060 26073 7
27689 28692 7
28732 28737 7
1970 26074 7
2550 28644 7
1980 28718 7
26068 26069 7
20465 28161 7
2335 25916 7
2331 26102 7
1235 2335 7
27607 28161 7
32 20436 7
20465 26073 7
234 27689 7
1835 26065 7
7 25640 7
26129 28337 7
18 28337 7
1835 1941 7
1236 2335 7
7 25205 7
2335 25645 7
25717 25721 7
1980 2034 7
1962 28161 7
25205 25881 7
25202 25881 7
69 23230 7
46 28337 7
1239 2335 7
26110 26111 7
20466 25616 7
20465 24643 7
60 2360 7
20436 25608 7
21722 25717 7
2551 28714 7
1232 26078 7
1774 1950 7
20433 25916 7
26073 26078 7
1230 20437 7
32 60 7
22 20466 7
1980 28345 7
25611 26129 7
24643 26064 6
1246 1988 6
39 28735 6
1030 1228 6
2335 26075 6
26061 27689 6
26067 27689 6
1980 27713 6
2387 25608 6
2417 25612 6
20436 25766 6
26103 28490 6
25881 26060 6
9 28732 6
20466 26061 6
1237 2360 6
20465 26069 6
1237 20437 6
25718 25721 6
23189 24786 6
9 28161 6
7 900 6
28490 28513 6
1243 1835 6
26120 27689 6
1234 26103 6
1962 25766 6
39 900 6
26060 28495 6
2334 2363 6
20436 27694 6
26060 28357 6
1937 21722 6
1228 20466 6
1835 28641 6
7 28644 6
1962 2331 6
7 28700 6
2366 28715 6
25614 27689 6
20465 25716 6
1980 25642 6
931 2360 6
26069 28116 6
39 26069 6
25637 26102 6
32 2337 6
25608 26102 6
2304 2358 6
18 25716 6
9 28336 6
2356 2361 6
2404 25608 6
20466 25713 6
1970 25611 6
2335 25618 6
25637 26078 6
2335 28666 6
26078 27607 6
1980 20443 6
28334 28345 6
1235 20465 6
28717 28719 6
7 28694 6
1237 24643 6
26078 28503 6
7 28495 6
2304 28694 6
1244 2335 6
28336 28343 6
28330 28341 6
1238 26078 6
9 25205 6
1988 28336 6
20433 25766 6
26065 27689 6
1835 26096 6
25916 25926 6
25913 26129 6
46 25608 6
1980 25723 6
2335 28483 6
25723 28481 6
26060 28490 6
2360 28715 6
1239 26102 6
1980 28378 6
931 28335 6
27689 28732 6
20465 26066 6
26061 28023 6
26123 28161 6
20439 20440 6
18 25547 6
931 20466 6
26123 28068 6
22 26102 6
20465 24789 6
7 27668 6
21722 25612 6
46 25717 6
1835 28503 6
26063 26067 6
1980 28716 6
1234 2414 6
2337 2390 6
2414 28692 6
39 1239 6
1242 26078 6
1962 23189 6
25717 27689 6
23230 28694 6
28692 28693 6
2361 23230 6
1249 20465 6
1241 2304 6
39 1241 6
20436 23189 6
2414 20436 6
28688 28691 6
1980 28657 6
20436 26102 6
26252 28161 6
25616 26060 6
1835 28330 6
26074 26120 6
1950 20433 6
28645 28648 6
1242 26103 6
931 26061 6
26066 26078 6
28645 28649 6
27689 28691 6
2337 28692 6
1970 26075 6
1243 23230 6
20 26102 6
20 1962 6
1962 25637 6
234 2360 6
27689 28068 6
2304 27607 6
60 25612 6
20433 28023 6
2304 28736 6
23189 26078 6
25 4039 6
931 26073 6
32 26075 6
2304 28499 6
53 26067 6
25 1234 6
22 24643 6
23192 26102 6
23230 28503 6
1962 25716 6
39 23192 6
20 26078 6
18 26073 6
25 25608 6
39 2390 6
1231 1962 6
28714 28717 6
20433 24786 6
1232 26102 6
1239 20433 6
1237 26129 6
1988 2403 6
2335 25720 6
1237 25611 6
9 1243 6
1980 28322 6
26068 27689 6
1835 28267 6
26075 26251 6
25202 25637 6
1835 28490 6
39 28714 6
20433 23189 6
18 26120 6
28711 28714 6
20433 25612 6
20465 24786 6
26104 26129 6
1980 28667 6
1231 2360 6
26063 27689 6
23231 24786 6
20465 25913 6
20436 24786 6
7 24789 6
26062 26065 6
27689 28711 6
1970 26078 6
1232 20437 6
7 28532 6
1962 28494 6
28692 28694 6
25205 25766 6
23230 28695 6
7 1941 6
2335 26065 6
9 2403 6
20 27689 6
2390 20466 6
1835 28739 6
2304 28693 6
7 27381 6
27689 28645 6
1835 25661 6
18 53 6
20465 25717 6
28525 28528 6
1835 28325 6
1236 25608 6
26076 27607 6
26102 28161 6
23230 25205 6
27668 27689 6
26076 26129 6
25 26076 6
24786 25637 6
1835 28740 5
2390 28739 5
1233 28481 5
39 1235 5
2360 2387 5
931 23189 5
1980 25718 5
60 28497 5
1988 26092 5
20433 25913 5
234 2330 5
2360 27694 5
2335 25642 5
23230 28341 5
28321 28323 5
69 20466 5
1002 1835 5
7 28345 5
2354 26060 5
4039 25612 5
28337 28353 5
2417 25769 5
1230 26102 5
1246 25611 5
39 1232 5
234 26076 5
1980 28669 5
2361 20436 5
1236 2366 5
20465 28665 5
1835 28726 5
20433 26066 5
25642 25645 5
881 1980 5
1 1988 5
25 26073 5
20433 25637 5
28688 28693 5
46 26075 5
1980 28429 5
20437 25913 5
7 286 5
1980 25931 5
1980 2552 5
23230 27694 5
39 1230 5
931 26078 5
1980 27800 5
2334 20437 5
1667 1980 5
2404 23192 5
1962 26251 5
2334 25608 5
32 25547 5
1950 26060 5
26078 28495 5
931 25612 5
7 25926 5
1244 26129 5
1230 2335 5
1962 2390 5
2366 25547 5
25 26092 5
2335 20438 5
9 2404 5
20466 24789 5
1980 28617 5
931 8619 5
25611 25713 5
1970 20465 5
1774 1980 5
9 1950 5
25916 27689 5
1988 25926 5
28654 28657 5
28688 28692 5
1239 26078 5
25913 27689 5
1980 26085 5
1244 27689 5
25 23231 5
9 28341 5
2354 20436 5
9 28068 5
39 881 5
1988 25719 5
26078 28499 5
1835 28699 5
26102 28068 5
9 1002 5
7 1774 5
53 26076 5
25 2334 5
2360 28736 5
23189 25637 5
1980 28357 5
46 26061 5
2337 25713 5
234 26102 5
26067 26069 5
931 23230 5
2360 26065 5
2335 28116 5
7 28711 5
2363 2390 5
2366 26103 5
53 26075 5
2335 25662 5
2335 28665 5
39 2404 5
28490 28496 5
1962 28485 5
1246 27689 5
2331 2387 5
25 1239 5
23230 28495 5
2390 28714 5
25611 26103 5
28337 28380 5
60 28337 5
2335 28740 5
23230 26081 5
2550 3092 5
23192 25205 5
25766 26078 5
9 28339 5
60 20436 5
1980 27124 5
26076 26252 5
26062 26069 5
28665 28678 5
2334 25615 5
234 26078 5
2337 25547 5
2366 21722 5
60 26103 5
2404 24789 5
1835 28665 5
60 25713 5
1980 28489 5
2366 24643 5
1935 1962 5
2335 25718 5
23230 28641 5
25 25913 5
22 2361 5
1935 26075 5
32 25612 5
20465 26251 5
20436 25713 5
20466 25641 5
7 1709 5
1835 2404 5
234 2337 5
1980 28654 5
9 25114 5
9 1937 5
2360 25637 5
1246 25913 5
20 26073 5
20466 28641 5
26074 26129 5
2329 2360 5
2335 28023 5
53 2334 5
1835 28504 5
39 1937 5
20437 26068 5
39 24789 5
2414 8620 5
23231 26102 5
2387 25615 5
21 1980 5
28481 28520 5
2417 20436 5
20433 26252 5
286 23230 5
2334 28644 5
1941 26102 5
1988 2356 5
2390 20433 5
25 25716 5
2414 26064 5
1228 23230 5
39 1246 5
53 26129 5
1774 2034 5
1980 28677 5
25 25916 5
1988 2390 5
2335 20440 5
1980 28702 5
2360 28645 5
2361 26060 5
2417 26129 5
39 28695 5
32 46 5
2366 28644 5
26075 26252 5
1950 25611 5
7 2361 5
26069 26075 5
28691 28696 5
39 25637 5
7 1243 5
7 28695 5
26129 28116 5
25881 28023 5
7 26113 5
1669 1980 5
25 25547 5
24786 25881 5
23192 25881 5
2335 28651 5
1244 2360 5
2304 27929 5
2329 20436 5
26251 27689 5
20436 26076 5
23230 28496 5
2304 28737 5
2336 25916 5
26076 26123 5
18 1236 5
26251 28157 5
2361 2387 5
25926 26068 5
25 60 5
2414 25608 5
1238 2366 5
1988 27607 5
1988 28330 5
2337 25608 5
28648 28649 5
26068 28116 5
26078 26251 5
26078 26252 5
9 22 5
2417 28665 5
20465 27607 5
2334 28714 5
28647 28649 5
2331 26078 5
1980 28418 5
7 28693 5
900 2304 5
26102 26104 5
18 46 5
60 28692 5
26069 26078 5
1980 28118 5
2360 28665 5
2337 25612 5
2304 28649 5
28330 28334 5
1980 25719 5
28519 28561 5
2366 25640 5
900 1774 5
1835 2354 5
1980 28659 5
25 25615 5
20433 28116 5
26060 28641 5
26060 28736 5
23230 28696 5
28688 28695 5
28481 28544 5
2354 2390 5
23230 28693 5
1988 28068 4
1835 28499 4
25 25614 4
1237 25637 4
1980 27841 4
1935 27668 4
26078 28337 4
25 1230 4
26063 26068 4
1835 25662 4
2335 28641 4
25 1247 4
25640 27689 4
28490 28499 4
20436 25881 4
1235 20433 4
26060 27841 4
9 28504 4
25720 25721 4
23231 25608 4
4039 25916 4
2366 26063 4
2335 28699 4
26061 26063 4
2335 27668 4
25 28497 4
28732 28735 4
1835 25723 4
27689 28161 4
2366 28678 4
2034 2335 4
20465 28330 4
1247 26078 4
1241 25612 4
2334 2404 4
1235 26102 4
2360 24643 4
1237 27689 4
24789 25608 4
25202 26069 4
2335 25721 4
28641 28644 4
1980 28701 4
26073 26103 4
2366 25713 4
2337 28023 4
18 25717 4
20433 26067 4
23230 28736 4
9 28330 4
2304 28068 4
1970 26073 4
25 26067 4
2304 25719 4
25 234 4
1 26060 4
60 25717 4
2329 25612 4
20433 26064 4
2304 2354 4
18 25913 4
7 26091 4
1237 2335 4
18 27607 4
28330 28429 4
20466 25615 4
46 25713 4
1461 2304 4
23230 28334 4
46 26073 4
1233 2335 4
20436 25640 4
2304 28336 4
1935 26066 4
20466 28339 4
26074 28161 4
25 28116 4
28641 28665 4
965 23192 4
26078 28068 4
26062 26068 4
900 25611 4
2417 25713 4
27694 27800 4
2360 26092 4
2304 25926 4
1835 28717 4
9 28735 4
1238 20433 4
9 2361 4
1988 2365 4
1980 26081 4
25913 28335 4
18 2414 4
21 26067 4
1835 25926 4
1249 23230 4
27689 27694 4
23231 26066 4
2414 25716 4
1230 25881 4
26064 27689 4
2304 26092 4
1 23230 4
20 26074 4
1970 26076 4
26069 26252 4
1950 2034 4
2329 26060 4
20436 26129 4
39 2403 4
23189 25713 4
28644 28650 4
1835 2034 4
28501 28517 4
1937 2289 4
23189 25205 4
39 25616 4
39 2331 4
1234 2366 4
1970 20433 4
1900 28320 4
28519 28560 4
20433 26062 4
69 26102 4
1970 2078 4
26102 28337 4
1835 28718 4
2034 25611 4
1941 26060 4
2304 28337 4
7 28740 4
25 20436 4
1234 25608 4
4039 28738 4
7 1249 4
26096 27689 4
28691 28694 4
26060 28337 4
1233 1962 4
931 28692 4
1988 25881 4
1980 28698 4
2335 26091 4
2417 25640 4
20436 25913 4
28525 28527 4
60 4039 4
1835 28698 4
7 2034 4
1242 2335 4
39 27607 4
2337 25611 4
1980 28605 4
9 950 4
2387 20466 4
25611 25913 4
46 2337 4
25717 26252 4
25 26251 4
7 28490 4
20437 25202 4
1239 20437 4
2329 2390 4
881 965 4
7 26096 4
26063 28116 4
28490 28501 4
1970 25612 4
23189 25608 4
32 25913 4
7 28647 4
28323 28330 4
2329 28641 4
32 27607 4
2334 25616 4
27689 28735 4
20437 26073 4
2387 25202 4
2337 26103 4
25202 26102 4
9 1709 4
9 28645 4
7 1461 4
28694 28695 4
23230 26109 4
26104 27689 4
25926 26060 4
28495 28516 4
2304 26109 4
1249 20466 4
2417 26076 4
1244 26103 4
9 28485 4
20465 25613 4
25608 25766 4
25 28481 4
25 26123 4
25 26063 4
26060 28644 4
1980 28625 4
1980 28326 4
26060 28496 4
25547 26076 4
20466 28485 4
28330 28346 4
234 26060 4
26060 28695 4
60 25608 4
23192 25637 4
2335 27607 4
2414 25717 4
25202 26076 4
1239 20465 4
7 25644 4
20433 28497 4
20466 28504 4
46 25612 4
1835 26081 4
25642 25644 4
20465 28732 4
2335 2404 4
25640 26078 4
25 28023 4
1835 28343 4
26123 27689 4
7 28330 4
1247 26102 4
20 1237 4
28330 28350 4
23230 28330 4
18 23189 4
24789 26060 4
20433 26123 4
1237 2337 4
25713 25717 4
286 26060 4
26060 28688 4
28736 28739 4
2356 2582 4
2304 24789 4
2304 26251 4
2304 27713 4
39 2387 4
20433 28691 4
1246 26129 4
1835 28716 4
25547 26063 4
2304 2404 4
1246 23231 4
20465 25614 4
20465 23192 4
23230 27714 4
25614 26060 4
23230 28489 4
20465 23189 4
2337 26061 4
25202 28337 4
18 1233 4
1988 28645 4
32 1241 4
32 1235 4
1835 25719 4
23192 25202 4
2387 25612 4
25202 28334 4
1237 2417 4
26076 28068 4
20437 25608 4
27607 27712 4
900 1950 4
26063 26069 4
23189 25766 4
20465 26120 4
20466 28688 4
1237 25547 4
9 1249 4
1238 26129 4
1980 28482 4
46 1231 4
25717 28337 4
32 26251 4
931 2404 4
1935 20466 4
32 2414 4
26102 26252 4
2335 25661 4
1988 2329 4
25 28499 4
2366 25637 4
2414 24789 4
1249 1962 4
26062 28732 4
26064 26120 4
9 1935 4
39 28334 4
2331 20436 4
25 25717 4
1243 1988 4
2390 26073 4
7 26068 4
18 23231 4
25717 26078 4
7 881 4
2417 20437 4
2390 25616 4
18 1232 4
20433 25547 4
1988 23192 4
28665 28669 4
2360 28647 4
25 28337 4
2304 25621 4
26075 26129 4
2360 28116 4
7 28737 4
20466 28341 4
24786 25202 4
46 20436 4
931 28651 4
32 27694 4
1962 26096 4
20466 28503 4
26076 26092 4
1239 25608 4
25612 25621 4
18 1235 4
26060 28489 4
25947 26060 4
26129 27694 4
20433 25641 4
28330 28394 4
26069 26123 4
39 28693 4
18 28497 4
18 26069 4
23189 25611 4
25766 28116 4
32 28335 4
1988 25614 4
20433 28337 4
26060 28735 4
2365 20433 4
2334 8620 4
20465 28504 4
2403 25608 4
1235 26103 4
39 25641 4
1461 1980 4
1238 2360 4
26123 28116 4
39 1233 4
2335 2403 4
26060 28068 4
2390 28735 4
1941 20466 4
20465 25114 4
18 1234 4
25 26091 4
26074 26123 4
28692 28700 3
28735 28739 3
1835 28184 3
1935 26078 3
1235 20437 3
9 26109 3
26068 26123 3
2335 28495 3
2582 23230 3
1950 27124 3
1002 25202 3
7 20443 3
25641 26075 3
22 2360 3
20436 21722 3
60 25641 3
4039 28688 3
1988 27124 3
20466 28678 3
46 25913 3
1980 28044 3
1237 20436 3
881 1835 3
1962 23231 3
9 28520 3
20 39 3
20 25608 3
1988 28695 3
26060 28700 3
25 26252 3
1980 28670 3
25913 26066 3
2404 25202 3
1232 2366 3
20 1232 3
931 2333 3
7 26061 3
2387 20437 3
20437 27714 3
25 1244 3
26103 28688 3
2034 20466 3
2360 26067 3
25615 26078 3
2356 20466 3
32 25614 3
1941 1962 3
25 1002 3
60 27694 3
20465 25641 3
28490 28495 3
1937 2360 3
28497 28513 3
25 1232 3
27689 28335 3
1241 28023 3
2417 25616 3
18 1244 3
2334 2356 3
1988 25616 3
39 2361 3
32 25713 3
25 1242 3
22 2329 3
7 26110 3
2335 28669 3
1962 25881 3
4039 26074 3
28485 28489 3
965 23189 3
60 25716 3
1 1835 3
20466 26091 3
18 25916 3
23230 28711 3
26069 27689 3
7 28341 3
28325 28328 3
26129 28688 3
1235 25202 3
60 28691 3
1242 20433 3
25641 26129 3
1980 26110 3
60 2414 3
23192 25766 3
7 28699 3
39 234 3
1247 26129 3
1237 26103 3
26064 26069 3
18 1941 3
9 1941 3
20433 25881 3
53 28678 3
1962 28490 3
1239 27689 3
25 26074 3
20433 28688 3
24643 26103 3
23192 25713 3
2304 28695 3
28714 28716 3
25881 26102 3
25616 25618 3
26062 26074 3
25 2414 3
1231 26078 3
20466 26063 3
881 26078 3
20466 28645 3
20433 25114 3
7 1228 3
25 2387 3
2304 28335 3
2390 28692 3
1239 25611 3
20465 28503 3
25717 25723 3
18 26251 3
2337 28691 3
2390 25614 3
1835 27124 3
53 28496 3
21722 26103 3
20436 25615 3
1980 28484 3
60 25611 3
2356 25614 3
1246 25608 3
27124 27689 3
2304 28501 3
2335 28711 3
1835 2315 3
26075 28116 3
7 28739 3
2387 26060 3
25713 25719 3
25608 28023 3
26076 28023 3
2034 2304 3
1935 26060 3
25 2417 3
1980 28483 3
2360 2550 3
28646 28647 3
1236 26129 3
23230 26139 3
2335 20441 3
2329 20466 3
2366 3428 3
53 25716 3
20433 27607 3
1980 25645 3
1980 2078 3
39 1243 3
20436 24789 3
18 26104 3
4039 25547 3
25612 26066 3
7 25621 3
20 931 3
2414 25612 3
2390 2403 3
39 28378 3
39 26065 3
1980 26109 3
26065 28023 3
25 28161 3
2335 2354 3
25614 26078 3
32 25662 3
1937 28665 3
2390 26102 3
26129 28068 3
25608 25881 3
4039 25611 3
1002 2304 3
60 1232 3
1962 28688 3
1937 26075 3
26129 27607 3
2360 28694 3
2334 28692 3
32 25202 3
2360 28649 3
2366 27712 3
26120 28068 3
1002 23230 3
965 1835 3
20466 25718 3
1941 1988 3
7 28698 3
1835 28644 3
20465 21722 3
39 2354 3
2403 24786 3
2304 2332 3
1235 26129 3
25205 26060 3
1249 26078 3
20433 26073 3
2356 2360 3
1246 25916 3
1980 28472 3
26129 26252 3
2360 26069 3
26078 28644 3
1941 20465 3
2417 25621 3
2304 27668 3
25547 25641 3
9 2387 3
25 1236 3
1835 28502 3
2360 26104 3
25 25926 3
25716 25884 3
28501 28503 3
2360 26251 3
2366 26067 3
25 25713 3
1937 2335 3
1988 26062 3
60 26074 3
26063 26129 3
2304 8619 3
1980 25721 3
881 900 3
25547 26129 3
1709 26060 3
2356 20433 3
7 27841 3
1234 25611 3
1230 2360 3
2334 28718 3
25662 27689 3
26060 28488 3
2329 20465 3
1962 2387 3
7 27929 3
2387 25613 3
1950 20466 3
234 25612 3
18 20 3
25913 28334 3
53 27607 3
1970 2366 3
23230 28698 3
22 26078 3
53 27694 3
1835 28513 3
1709 23230 3
1980 28726 3
2335 28648 3
22 1988 3
20433 28499 3
25881 26078 3
1980 28046 3
26073 28161 3
27689 28497 3
26069 26120 3
1980 2289 3
20466 26139 3
2331 27689 3
2414 26252 3
1835 25205 3
2361 28691 3
2390 28718 3
26062 27689 3
2335 28678 3
900 23189 3
2360 28735 3
2304 27716 3
1242 28337 3
9 28517 3
2329 28497 3
23230 28345 3
25916 26073 3
1980 26114 3
1988 26065 3
1980 28525 3
2387 20436 3
1835 24789 3
1835 28653 3
1835 28429 3
26060 28494 3
27689 28496 3
9 69 3
2335 26104 3
1246 2335 3
1980 28400 3
20 28497 3
2354 20433 3
4039 28691 3
1249 26102 3
1234 28497 3
39 28341 3
1230 20436 3
26109 26111 3
7 26115 3
1233 26076 3
1950 1988 3
965 25205 3
25202 25713 3
20466 26062 3
26069 26092 3
1709 1835 3
25717 28339 3
2334 26104 3
1246 2304 3
2417 26103 3
20465 28490 3
26076 26091 3
26074 28068 3
7 28292 3
25547 28691 3
2360 26063 3
26066 26120 3
53 26251 3
1988 28337 3
7 950 3
931 2331 3
1228 26078 3
20466 25613 3
1962 26091 3
2404 25612 3
1246 26103 3
20437 24643 3
2331 26252 3
9 900 3
2360 2404 3
39 25786 3
7 25718 3
25717 26129 3
27689 28339 3
1950 2335 3
7 28576 3
28645 28654 3
20438 20441 3
25612 25766 3
20433 28711 3
20437 28068 3
53 25913 3
1232 25608 3
1244 20433 3
46 26076 3
4039 26129 3
2337 25616 3
2361 25547 3
2360 26113 3
1950 2304 3
28336 28345 3
2337 25641 3
7 25645 3
25608 26120 3
2304 2363 3
28644 28647 3
18 25713 3
2332 28739 3
18 1249 3
2366 25916 3
28644 28645 3
20433 24643 3
20436 26103 3
1249 2304 3
20465 25926 3
1988 2387 3
39 2034 3
2337 25640 3
26078 28161 3
2582 26078 3
2337 28715 3
60 2337 3
2356 25608 3
9 28501 3
32 28499 3
2335 28716 3
28482 28486 3
24786 26078 3
25916 26096 3
1941 2304 3
25611 25769 3
25 1935 3
25 1231 3
1835 28432 3
24786 28023 3
965 26060 3
1237 2366 3
2334 8619 3
28738 28740 3
20 2366 3
1962 28496 3
2354 20465 3
22 26103 3
1239 25612 3
25717 28483 3
1962 23192 3
2356 25611 3
965 1962 3
28732 28738 3
900 1988 3
2354 2361 3
1244 25611 3
1962 26112 3
26123 26129 3
2366 25642 3
26075 28068 3
39 28161 3
28691 28700 3
27713 27714 3
1988 28717 3
24643 28337 3
1988 25613 3
931 25547 3
18 25611 3
26120 28027 3
28334 28341 3
900 1228 3
39 28330 3
21722 25608 3
2361 2390 3
2390 2582 3
1919 1988 3
7 28714 3
26064 26065 3
26103 27694 3
26065 26069 3
2304 28666 3
28330 28331 3
26251 28068 3
24786 26102 3
1243 23231 3
46 26252 3
25913 28023 3
26096 28116 3
2361 28715 3
2582 20466 3
28323 28327 3
1988 28325 3
25616 26063 3
2366 3092 3
53 60 3
25611 28617 3
1238 26075 3
20466 28495 3
26078 28688 3
25637 25881 3
2417 28497 3
1941 26078 3
1774 1835 3
2417 28700 3
27689 28738 3
28324 28330 3
2304 28721 3
25205 25637 3
20465 28497 3
32 26092 3
20437 20438 3
25926 26078 3
20466 28711 3
23230 28665 3
1241 2334 3
26073 28023 3
2365 20466 3
1231 25608 3
2329 2366 3
1980 28589 3
1835 28292 3
2361 2366 3
25608 28116 3
25716 25723 3
18 25641 3
1243 20466 3
18 28692 3
26065 26068 3
20466 28665 3
1988 28501 3
26075 26123 3
25926 26102 3
27689 28499 3
1234 26102 3
1835 26139 3
2403 26078 3
1835 25644 3
20466 27381 3
27607 28068 3
53 20437 3
28520 28563 3
7 2354 3
32 1239 3
28691 28711 3
26103 28023 3
1231 2334 3
20433 25716 3
32 28497 3
20 26075 3
1980 28715 3
28732 28736 3
1233 27689 3
1980 2333 3
25716 26102 3
2417 26074 3
25637 25645 3
32 23231 3
20466 25205 3
32 25637 3
1246 26078 3
60 2334 3
1970 26129 3
26111 26113 3
25611 27929 3
1900 28481 3
60 1234 3
53 25611 3
1980 2358 3
20436 23231 3
1228 20465 3
965 26129 3
1919 26060 3
1835 28482 3
53 1236 3
20436 25616 3
1236 28023 3
7 1950 3
1235 2417 3
2403 20433 3
46 25716 3
2404 20433 3
1242 27689 3
25662 26060 3
1241 28337 3
32 24643 3
2360 26073 3
2335 26073 3
27689 28662 3
39 1238 3
1232 20433 3
26109 26110 3
234 25608 3
2304 26068 3
1980 25656 3
28322 28323 3
1988 27668 3
25547 26074 3
18 1230 3
28161 28199 3
1237 25202 3
32 28490 3
1988 28504 3
25 53 3
20443 26060 3
1835 28648 2
2390 25916 2
27689 28320 2
24786 27689 2
28116 28336 2
60 26066 2
900 1835 2
25713 26129 2
25 28495 2
39 28696 2
2365 23230 2
26060 28678 2
1236 25637 2
25717 26103 2
23230 28675 2
1962 25713 2
2360 28696 2
39 931 2
23189 26102 2
28324 28337 2
1234 25202 2
39 28645 2
20437 25640 2
24789 25716 2
28527 28528 2
26065 26104 2
7 28669 2
1244 20437 2
1238 26066 2
18 1937 2
1 25 2
28496 28499 2
1239 25916 2
1 20466 2
234 25611 2
4039 21722 2
28501 28544 2
7 26111 2
23230 27668 2
1241 28334 2
23189 28645 2
1988 2361 2
2403 25616 2
234 1962 2
18 21722 2
39 28418 2
1230 28320 2
26076 26103 2
1235 2360 2
9 28345 2
28322 28330 2
25717 28494 2
2366 24789 2
1980 28361 2
25719 28489 2
9 28644 2
20466 26066 2
28715 28719 2
24643 25611 2
2360 26061 2
24789 25205 2
53 2390 2
26060 28715 2
2354 2356 2
60 1244 2
20465 25766 2
881 23230 2
2390 26103 2
25 1970 2
1970 25547 2
1235 28481 2
21722 27668 2
39 2323 2
1980 26111 2
25713 26064 2
2304 28504 2
25713 25766 2
20437 28692 2
1230 26066 2
1988 26064 2
18 1709 2
1988 28722 2
2366 28669 2
2094 28335 2
1980 2363 2
20465 25615 2
23189 28481 2
234 26129 2
20437 26063 2
32 26063 2
18 1970 2
1970 2334 2
1237 25640 2
25640 25644 2
25716 26073 2
2304 28740 2
20465 28641 2
2360 2390 2
1242 26129 2
25547 28335 2
2360 25547 2
2360 26074 2
26073 26092 2
20466 28538 2
25 28688 2
39 28702 2
8619 8620 2
7 28233 2
1659 23230 2
1244 26074 2
1244 26064 2
2360 28646 2
28485 28497 2
2670 28320 2
25926 26129 2
7 28331 2
27689 28516 2
28496 28501 2
2335 28499 2
39 28520 2
1950 23230 2
53 1234 2
1238 26067 2
2304 27714 2
234 2404 2
1835 28400 2
1980 28745 2
28645 28647 2
28330 28340 2
1235 1962 2
39 950 2
2337 28714 2
20466 28735 2
1239 25202 2
965 20466 2
1231 23189 2
26103 26252 2
28665 28668 2
1840 2335 2
2304 25769 2
26109 26112 2
20437 28485 2
1244 28337 2
26067 26129 2
1231 20437 2
25641 26078 2
1709 1962 2
2366 25718 2
26109 26113 2
2304 25114 2
2304 28187 2
2417 24786 2
26061 26068 2
25 25611 2
28495 28499 2
1988 25947 2
2360 28714 2
25926 26069 2
20433 28334 2
20466 23356 2
53 27800 2
1980 4023 2
2304 28161 2
26075 28161 2
2304 26120 2
2360 2361 2
25 26120 2
25916 26069 2
24786 25716 2
1242 25640 2
1 9 2
7 28488 2
2417 25613 2
1941 27689 2
7 27124 2
23230 28532 2
25616 25621 2
28330 28380 2
2335 28717 2
2331 28691 2
2360 2582 2
1231 4039 2
28516 28517 2
1980 28637 2
7 28504 2
25 24643 2
2304 28324 2
25 28483 2
1230 2334 2
900 965 2
26111 26114 2
53 23189 2
1235 2366 2
26120 26129 2
1239 2360 2
26063 26123 2
2331 26067 2
1235 21722 2
2414 28702 2
28494 28501 2
1234 20433 2
26068 26102 2
1232 25202 2
28482 28483 2
7 2552 2
2417 28695 2
1835 2552 2
25612 26129 2
25 1246 2
1937 20437 2
2034 25717 2
21722 27694 2
1237 26074 2
39 28499 2
2334 25916 2
4039 28161 2
1238 2414 2
28495 28504 2
1937 1962 2
28161 28325 2
2334 26103 2
1030 1774 2
26123 28641 2
26104 26251 2
25 28691 2
2390 21722 2
18 25616 2
1980 28717 2
2390 4039 2
2334 26069 2
20437 25612 2
20436 25716 2
1669 2335 2
26102 26110 2
28161 28200 2
46 25611 2
931 1962 2
32 1249 2
23189 26067 2
25640 26102 2
2366 26065 2
1236 27713 2
24789 26092 2
2417 25637 2
965 25881 2
32 28037 2
2334 25114 2
28483 28485 2
20 26069 2
2417 26069 2
9 2321 2
1244 26061 2
1 26073 2
1247 20433 2
1244 2366 2
1237 2414 2
1247 1950 2
26252 28337 2
1962 28341 2
28497 28548 2
2404 25916 2
2403 24789 2
60 2387 2
2387 4039 2
1239 2366 2
1980 28516 2
20466 27712 2
39 28644 2
20433 28495 2
1030 2034 2
20466 28336 2
23189 28023 2
2335 28679 2
32 26091 2
931 24643 2
22 2582 2
28499 28502 2
20466 25720 2
46 2331 2
32 26061 2
25641 26102 2
931 8620 2
2414 25640 2
2582 25616 2
26252 28068 2
2356 2366 2
28023 28175 2
26075 28023 2
25713 26075 2
25612 28617 2
26076 26120 2
27689 28292 2
60 28736 2
28496 28503 2
25713 26103 2
28068 28496 2
20437 26076 2
1988 26112 2
28495 28497 2
2360 26075 2
25611 25716 2
39 26113 2
27689 28334 2
28494 28576 2
23230 28488 2
25716 25916 2
39 1941 2
46 26113 2
18 60 2
2304 25884 2
2334 25640 2
22 26075 2
23230 28378 2
2335 25647 2
25616 25913 2
28693 28698 2
28501 28512 2
25713 25721 2
1246 26076 2
25 23189 2
2335 28485 2
20466 27124 2
1244 4039 2
28482 28484 2
18 28490 2
1232 26103 2
26075 28447 2
7 1030 2
23230 25114 2
27707 27714 2
2414 25614 2
26069 26129 2
1235 28497 2
28497 28590 2
1980 28738 2
9 28694 2
2343 25612 2
26060 28576 2
25547 25640 2
24643 25547 2
2330 2414 2
2417 4039 2
20465 28499 2
1238 28692 2
7 25643 2
28735 28737 2
299 1980 2
1238 1247 2
26069 28184 2
26129 26251 2
28334 28339 2
25881 25884 2
26060 28330 2
26123 27714 2
7 26070 2
1235 28692 2
1235 26074 2
46 53 2
1236 25611 2
2365 20465 2
2417 25884 2
1988 28714 2
32 1236 2
2334 2414 2
4039 26092 2
1239 1962 2
1247 20437 2
2334 28688 2
1835 28059 2
1241 26064 2
26078 28504 2
2335 25719 2
28501 28516 2
2360 27714 2
23230 28323 2
26102 28691 2
1835 26112 2
25611 28116 2
2387 2390 2
1835 28525 2
2358 23230 2
1937 26102 2
2366 25720 2
2304 28345 2
9 28693 2
25913 26075 2
1244 2337 2
20466 28718 2
1231 26066 2
1980 26091 2
7 28738 2
2335 25769 2
1835 28617 2
26078 28328 2
1238 2417 2
24643 25916 2
965 25713 2
2387 20465 2
1774 23230 2
23230 28483 2
2366 28718 2
25766 25769 2
39 1935 2
2335 28378 2
2417 27689 2
1900 1980 2
25547 26062 2
9 286 2
28716 28719 2
9 25766 2
900 26067 2
25766 26129 2
2354 20466 2
1236 2360 2
1236 2414 2
20466 28700 2
1232 2337 2
1935 2335 2
1962 28645 2
18 28494 2
1232 27689 2
1234 25547 2
286 1835 2
1835 28378 2
25202 28335 2
2363 2552 2
2417 25661 2
25 1937 2
20 28337 2
20466 28662 2
881 1030 2
7 25618 2
1237 25608 2
20438 20440 2
9 2329 2
3092 3428 2
1247 25611 2
25547 25608 2
2417 25614 2
2360 26064 2
60 26123 2
25 2356 2
25611 27668 2
25720 26060 2
1230 28335 2
28497 28501 2
2321 27689 2
286 2335 2
2582 28487 2
2335 26120 2
2304 25947 2
1241 26074 2
2331 25716 2
26078 28334 2
26073 26091 2
20466 28250 2
2304 28495 2
1002 28320 2
46 28645 2
1244 25608 2
18 1239 2
20443 25611 2
23231 25547 2
20466 28570 2
1835 28320 2
1234 26129 2
1774 25611 2
2332 28691 2
1980 2321 2
21722 28330 2
2034 26060 2
39 28732 2
1970 28161 2
39 27841 2
26092 26103 2
2390 25713 2
25612 25931 2
20466 26110 2
2329 2354 2
2417 25662 2
2332 28714 2
26102 28694 2
20465 28692 2
881 26074 2
26078 28641 2
53 28336 2
1237 27712 2
9 28715 2
22 26073 2
2360 25661 2
1235 2334 2
53 26110 2
1030 1950 2
1239 25205 2
28023 28116 2
20466 28732 2
20433 27707 2
20465 28339 2
25637 26075 2
965 25202 2
1988 28481 2
23230 28250 2
1988 8620 2
1233 26073 2
25916 28732 2
1970 26123 2
60 26062 2
1246 26252 2
28339 28353 2
25616 26078 2
39 2363 2
1233 28336 2
1988 2404 2
60 28023 2
1980 28705 2
1231 23192 2
2366 2387 2
2337 28735 2
18 1002 2
25 25637 2
46 25547 2
60 1236 2
25608 27668 2
26060 28339 2
27689 28714 2
2356 20436 2
28644 28649 2
2417 26252 2
23230 25642 2
26060 28335 2
1980 2248 2
23189 28714 2
26082 26091 2
1980 2323 2
881 28243 2
28357 28429 2
1247 24786 2
1962 25612 2
1709 25716 2
53 1249 2
25614 28116 2
7 25719 2
26066 26068 2
1236 26103 2
26074 26103 2
28476 28478 2
931 26102 2
7 1919 2
2335 26096 2
28322 28326 2
26060 28254 2
20466 28736 2
4039 26069 2
2390 28691 2
22 25608 2
1835 2248 2
69 26064 2
2335 20439 2
53 1242 2
1230 25202 2
23192 26129 2
1230 2366 2
1962 28068 2
900 2034 2
2331 28023 2
2337 28711 2
900 25202 2
27689 28330 2
234 25547 2
20 1247 2
32 1246 2
1244 26075 2
39 1228 2
28321 28336 2
25205 25716 2
28691 28701 2
26060 28694 2
2337 27694 2
1935 20437 2
27607 27707 2
25 26104 2
1233 28503 2
60 1231 2
28323 28325 2
2304 2552 2
9 25645 2
2390 24786 2
2356 23230 2
1249 2335 2
23230 26096 2
2329 28665 2
25612 25916 2
2552 28691 2
9 2078 2
25641 25642 2
881 1232 2
1937 2078 2
1237 26063 2
1228 1774 2
1234 4039 2
1835 28668 2
2332 28718 2
1970 28116 2
25618 27689 2
2361 25615 2
18 2417 2
26103 27668 2
27689 28494 2
7 28726 2
1236 1237 2
20466 26113 2
20437 28494 2
1238 26103 2
20466 27714 2
1002 27689 2
28490 28517 2
2356 26060 2
1950 26078 2
1709 2304 2
28325 28327 2
18 4039 2
32 1231 2
27607 28538 2
2335 28694 2
9 28696 2
1241 26076 2
25 1249 2
1980 28487 2
25608 25913 2
28495 28517 2
2390 2417 2
20 25547 2
25 25881 2
881 1962 2
25114 26060 2
2387 8620 2
1237 28662 2
1937 26073 2
25611 26092 2
25719 25721 2
46 26092 2
9 2550 2
26066 28116 2
2331 25713 2
28641 28649 2
1242 28116 2
32 28711 2
18 1246 2
2417 25615 2
2390 25202 2
28068 28257 2
2366 25719 2
32 27714 2
25713 25913 2
46 4039 2
39 1002 2
25615 27689 2
26069 26104 2
25719 26060 2
20 1236 2
1234 28503 2
1228 26103 2
1242 26062 2
1233 28337 2
1667 1669 2
28517 28519 2
27712 27849 2
2417 27694 2
2335 27381 2
2414 26076 2
1246 24643 2
26061 26081 2
2304 25721 2
32 1970 2
28490 28516 2
25205 26078 2
9 1669 2
28331 28332 2
28337 28339 2
26129 28324 2
20465 28714 2
32 1242 2
1962 28495 2
1962 24786 2
32 26252 2
24786 25608 2
27712 27714 2
2360 26120 2
25202 27689 2
20439 26060 2
25913 26064 2
25 25662 2
2331 20433 2
2335 25621 2
1241 25716 2
28341 28357 2
2366 26123 2
23230 25662 2
20466 26096 2
46 26123 2
9 27668 2
60 1237 2
9 28605 2
1236 26064 2
1835 26070 2
1980 28146 2
24786 24789 2
60 26076 2
1980 27707 2
1980 28355 2
1232 2335 2
20436 26109 2
20465 26252 2
1235 26078 2
20466 28330 2
1980 28410 2
1233 28494 2
1835 28496 2
26068 26103 2
881 1239 2
24643 26066 2
2404 24786 2
1232 26074 2
28334 28353 2
7 28534 2
60 28490 2
27694 27716 2
1230 26103 2
23230 28335 2
20466 28334 2
32 25641 2
9 28711 2
1709 1988 2
1242 28323 2
28688 28694 2
1233 26129 2
32 234 2
39 25211 2
2403 26060 2
18 1238 2
23189 27689 2
2390 28617 2
18 881 2
2417 26251 2
20433 28538 2
53 25637 2
1239 26129 2
1230 21722 2
26078 28714 2
26102 28330 2
2335 28721 2
2414 20437 2
25205 28023 2
26102 28341 2
1237 26114 2
25612 26073 2
26123 27707 2
20 26064 2
26062 26064 2
28495 28512 2
2582 26060 2
1030 28360 2
20433 26074 2
1232 1962 2
1239 21722 2
1962 24789 2
900 23230 2
26078 28691 2
39 25613 2
1988 26139 2
2034 23230 2
2335 27124 2
1242 20437 2
2390 28644 2
26066 26102 2
1239 20436 2
25 1235 2
26060 27279 2
2417 26102 2
1835 2363 2
26252 28334 2
26078 28324 2
18 26123 2
18 25926 2
2360 20440 2
2329 2335 2
1239 26103 2
26074 28301 2
23230 28339 2
18 26092 2
53 26061 2
1236 26251 2
26064 28023 2
2414 26102 2
2354 26129 2
2304 28641 2
23230 27124 2
25 28644 2
26060 26114 2
2360 28719 2
931 25716 2
23231 28023 2
2390 25613 2
20465 26081 2
26074 27607 2
25114 27689 2
2360 3092 2
1233 25916 2
1950 25913 2
2078 27668 2
27689 28116 2
2360 2403 2
1247 2390 2
24643 25612 2
28495 28501 2
27607 28516 2
39 28336 2
28501 28520 2
2335 26062 2
2335 2551 2
1230 23189 2
25766 28023 2
24643 28494 2
46 1970 2
1230 26073 2
2337 28483 2
2304 28715 2
2356 24643 2
1980 28628 2
25 27607 2
24643 25614 2
1988 26081 2
1231 26067 2
53 2333 2
18 26096 2
26120 28538 2
1241 2335 2
27689 28184 2
25769 25884 2
1030 23230 2
28526 28527 2
60 24643 2
2390 26078 2
25 1241 2
25608 25916 2
2366 26074 2
234 2331 2
28116 28692 2
20437 25716 2
28068 28161 2
26067 28116 2
1935 20465 2
1233 26065 2
1970 2289 2
26060 27124 2
53 26065 2
1238 1962 2
1835 28738 2
1234 27689 2
23230 28700 2
2304 28262 2
25547 26103 2
2414 26075 2
900 25723 2
2354 2417 2
25637 26076 2
26062 26073 2
1980 28182 2
25 21722 2
900 26076 2
2334 24789 2
2335 28742 2
881 2304 2
1962 28353 2
2414 24643 2
1835 28702 2
26061 26065 2
20433 26069 2
25716 25721 2
1242 28161 2
26073 28068 2
1659 1980 2
20465 28691 2
2304 25662 2
20433 27716 2
1230 26078 2
20437 28496 2
28711 28719 2
25640 25645 2
25916 26103 2
2366 28495 2
2403 20436 2
53 25547 2
46 26074 2
2337 26129 2
32 26068 2
18 1241 2
20466 28617 2
1233 25611 2
20433 26063 2
26073 26129 2
20436 25612 2
22 4039 2
965 28495 2
28487 28489 2
1236 26061 2
23230 25723 2
26069 28139 2
23230 25718 2
28667 28668 2
2361 25637 2
20466 28692 2
1238 28335 2
1835 28322 2
53 2387 2
23230 28534 2
20465 28693 2
1988 28323 2
25608 25637 2
1667 2304 2
9 28322 2
2335 28698 2
1988 28735 2
1237 28485 2
22 2354 2
2334 24643 2
2337 2361 2
28715 28718 2
4039 25913 2
1835 28356 2
2094 27124 2
60 25547 2
18 2404 2
2390 20465 2
2403 20466 2
8619 28714 2
20 24643 2
46 1237 2
69 1962 2
22 60 2
23189 26129 2
1239 2417 2
1241 26103 2
1988 25720 2
1980 28432 2
22 25612 2
28325 28334 2
32 25916 2
7 28715 2
23230 28501 2
2360 28737 2
24789 26078 2
46 28497 2
2304 28617 2
2366 28116 2
1937 26078 2
25613 27689 2
1988 25645 2
1002 26060 2
2361 26078 2
2360 2551 2
1238 27689 2
2335 28504 2
4039 28732 2
32 25766 2
1231 2366 2
1236 24786 2
27689 28325 2
26096 26120 2
2366 28641 2
26068 28068 2
2404 28670 2
18 25615 2
20 26066 2
2360 25916 2
26102 27124 2
69 1988 2
2335 26251 2
9 27714 2
2335 2363 2
1835 28254 2
22 26074 2
2354 27689 2
900 2366 2
1234 28688 2
23189 23231 2
1244 26062 2
39 1231 2
26066 26069 2
7 28251 2
1231 26061 2
60 25613 2
1246 26073 2
965 20433 2
1937 2366 2
20 22 2
1244 25713 2
1835 26091 2
25547 28495 2
26060 27849 2
2335 28337 2
7 1669 2
25202 25608 2
26073 28092 2
46 1234 2
1241 25608 2
1835 28357 2
1461 23230 2
28336 28357 2
69 26060 2
26060 28665 2
26064 26092 2
27689 27929 2
22 26252 2
1232 24786 2
1238 25766 2
2329 2550 2
1237 26075 2
2387 28675 2
26120 28116 2
28323 28326 2
2387 26061 2
20433 28485 2
7 26112 2
20440 20441 2
2334 25717 2
26102 28692 2
20433 25615 2
1835 28721 2
20465 27716 2
18 28161 2
20437 27694 2
20433 28161 2
234 20436 2
28496 28576 2
28320 28335 2
9 28335 2
2331 25612 2
26069 28157 2
25637 26074 2
25637 26129 2
60 1242 2
1232 28691 2
1970 4039 2
26129 28335 2
53 28116 2
1980 25720 2
2332 28736 2
28321 28325 2
46 1242 2
46 1236 2
1962 28432 2
20 20433 2
39 28490 2
20466 26112 2
18 23192 2
21722 26102 2
46 28023 2
1246 28116 2
1241 20437 2
2366 26076 2
1236 26092 2
26092 28068 2
46 25202 2
20465 27707 2
1243 2360 2
1249 27689 2
20465 28334 2
39 21722 2
1230 26064 2
1988 2034 2
1231 25637 2
2360 27716 2
25913 26076 2
1980 28679 2
1937 27124 2
26103 26104 2
1239 25637 2
23230 25621 2
26078 28494 2
25616 27689 2
53 931 2
28736 28738 2
20433 26251 2
2366 28068 2
18 25202 2
1937 28336 2
23231 25913 2
24643 28334 2
1231 28336 2
23230 28517 2
1835 28486 2
20465 28538 2
26078 26110 2
1980 2551 1
2354 25717 1
25612 27929 1
234 28497 1
18 28691 1
26060 28322 1
26060 28262 1
1235 28495 1
2414 27714 1
26060 28698 1
26252 27689 1
60 28735 1
53 234 1
26078 26081 1
23231 28161 1
20465 27800 1
28641 28645 1
1461 28161 1
1233 25608 1
1835 27929 1
27689 28357 1
28495 28519 1
7 25590 1
46 60 1
1988 28353 1
1002 26074 1
28644 28652 1
1230 25547 1
9 26111 1
2078 26102 1
1988 2582 1
9 2336 1
7 28381 1
234 28645 1
1237 25645 1
20437 25616 1
25611 25640 1
20466 28432 1
1980 28618 1
9 2289 1
28330 28381 1
1249 2366 1
24643 26076 1
2403 26251 1
1232 25766 1
1239 25766 1
32 2582 1
1461 26060 1
26091 26120 1
1962 28693 1
1231 25114 1
1461 28116 1
2387 26078 1
1243 26120 1
2304 27707 1
1937 26069 1
26078 28647 1
53 2034 1
7 28139 1
18 27716 1
2414 26103 1
25786 26078 1
2366 20441 1
2361 25900 1
24643 25641 1
28490 28497 1
1835 25885 1
1988 25786 1
1241 28543 1
20466 28743 1
60 2417 1
2360 28495 1
26102 28497 1
53 27668 1
4039 28696 1
1970 25661 1
1942 2675 1
25621 25662 1
26129 28700 1
20465 28699 1
24643 26073 1
27705 27706 1
25723 26060 1
2417 28737 1
53 25713 1
26104 26111 1
28023 28246 1
1233 26061 1
21 26073 1
2304 28330 1
23230 26112 1
1919 23189 1
2315 28692 1
60 20443 1
20 25614 1
2360 28654 1
20466 28737 1
4039 25613 1
1234 2337 1
2329 28657 1
20 46 1
32 1941 1
26060 28331 1
28335 28418 1
1002 26073 1
26073 28116 1
1243 25637 1
20 26251 1
2356 28665 1
25616 28617 1
1962 26252 1
1988 26114 1
881 1230 1
26073 26082 1
26076 28262 1
1230 25611 1
2366 25766 1
25613 26060 1
1235 1246 1
28496 28551 1
46 28068 1
2360 25720 1
1241 26073 1
26065 26073 1
24786 26076 1
26103 27707 1
8619 26102 1
25547 26075 1
1980 2336 1
26075 28056 1
28361 28364 1
26252 28378 1
1232 2354 1
1835 27714 1
9 28381 1
4039 28665 1
2334 2552 1
7 28486 1
28502 28504 1
1980 28519 1
24643 28679 1
2387 2414 1
2304 28629 1
2387 26251 1
39 28736 1
18 28023 1
2335 26068 1
28068 28494 1
28484 28488 1
26102 28688 1
1238 25637 1
23230 28552 1
27689 28358 1
25 25641 1
1236 2334 1
2404 2582 1
20 28695 1
7 28257 1
53 1246 1
2329 25547 1
24786 26129 1
9 28110 1
1230 28337 1
1242 2337 1
2337 25916 1
1247 26123 1
1 1247 1
7 25662 1
1231 26103 1
2358 20433 1
28641 28677 1
2360 21722 1
7 28254 1
60 1461 1
7 28538 1
2333 28719 1
1830 2063 1
69 28499 1
7 69 1
2304 20439 1
2417 28499 1
24643 28023 1
53 28068 1
1030 2354 1
965 26078 1
1235 26092 1
28512 28517 1
2304 28221 1
1236 28497 1
1835 28489 1
9 25769 1
23192 24789 1
28737 28742 1
20466 27841 1
20466 28654 1
1234 28023 1
1247 28023 1
8620 26060 1
53 26123 1
931 26129 1
234 28688 1
2582 27929 1
1235 25913 1
1236 23192 1
25661 28116 1
2304 28517 1
26060 26061 1
1236 25766 1
28662 28668 1
2360 28693 1
28023 28692 1
2360 23192 1
26092 28116 1
1030 27689 1
20433 26065 1
32 2331 1
1937 26065 1
25661 25662 1
25205 27689 1
234 28749 1
25 28490 1
25 26069 1
25641 26073 1
1835 28647 1
28330 28418 1
1238 26076 1
25 28343 1
1231 26073 1
2332 28023 1
27124 27668 1
1988 25662 1
2360 25202 1
39 25721 1
1935 25611 1
25621 25661 1
20437 21722 1
1937 28692 1
24643 26074 1
2354 26102 1
20438 23230 1
1230 2414 1
1835 28745 1
2361 25611 1
2333 23230 1
1835 28534 1
1244 25612 1
25718 28483 1
53 1241 1
25916 27381 1
1980 27380 1
2329 2334 1
26087 26104 1
9 26110 1
20437 28662 1
26078 28694 1
2387 24789 1
1230 1247 1
1 18 1
1988 28718 1
1236 25640 1
1249 28161 1
28495 28529 1
32 28337 1
2337 2582 1
1937 20433 1
25 25719 1
1988 28669 1
21722 28334 1
2403 25205 1
2304 25720 1
1233 26096 1
1962 28467 1
26076 28213 1
28327 28356 1
2337 26076 1
234 28742 1
26061 26070 1
1239 25717 1
23230 25720 1
2360 25723 1
25637 28662 1
2304 28654 1
7 28721 1
1235 26076 1
25637 25769 1
25916 28336 1
1233 25612 1
1980 28682 1
39 25618 1
1236 28688 1
9 28700 1
23230 28715 1
1237 26104 1
2366 28657 1
1988 26096 1
1232 2414 1
20466 28534 1
9 28378 1
46 1935 1
1835 28742 1
2403 25612 1
1247 26104 1
25547 28337 1
20433 25713 1
931 28330 1
32 2329 1
26075 26091 1
1835 20438 1
1950 1970 1
2332 2390 1
1709 1970 1
20438 20439 1
26082 26120 1
1709 25916 1
1919 2304 1
25547 28161 1
25916 26076 1
2360 26123 1
900 2387 1
20436 28736 1
2365 23189 1
20433 28118 1
28330 28338 1
1935 20436 1
1980 26115 1
20466 28715 1
20466 28714 1
2365 26060 1
28650 28652 1
60 28641 1
20466 28030 1
4039 25641 1
7 1659 1
2360 28400 1
2366 25602 1
2343 25913 1
2329 4039 1
1246 4039 1
23231 28693 1
1238 2331 1
28678 28679 1
25211 26102 1
234 28330 1
931 28688 1
28548 28550 1
25202 28691 1
46 1232 1
2337 28694 1
20437 28335 1
25611 25661 1
25766 26102 1
1231 25716 1
1246 28715 1
25637 28116 1
1988 28576 1
2034 23192 1
20466 28699 1
23230 27716 1
1919 26102 1
2335 26061 1
27689 28341 1
18 28345 1
2334 2551 1
1659 1835 1
24643 25615 1
25205 25640 1
23192 26120 1
28662 28665 1
25637 28023 1
26060 26065 1
1235 2403 1
1232 26104 1
1030 2387 1
2332 20436 1
24643 25205 1
27714 27724 1
1835 28332 1
24786 25769 1
2063 21722 1
26120 28691 1
1232 25611 1
20437 26104 1
1002 1230 1
20466 28694 1
25661 26060 1
26251 28538 1
2414 25616 1
1236 1970 1
1244 28336 1
1937 26251 1
23192 25608 1
2361 24786 1
1980 28381 1
20433 25644 1
2360 28738 1
2360 25913 1
39 1030 1
20436 25590 1
23192 27689 1
1230 26092 1
27689 28345 1
26076 26110 1
27607 28490 1
1980 28312 1
2335 28497 1
25618 25662 1
9 25621 1
28485 28528 1
39 27713 1
1 2304 1
25716 26103 1
1232 2390 1
60 25615 1
20465 28644 1
2304 25661 1
2360 28713 1
20 2360 1
2323 20466 1
1962 28488 1
26078 28740 1
1980 28535 1
27689 28483 1
53 2403 1
18 2403 1
26063 26065 1
28501 28586 1
2334 26129 1
25611 26067 1
7 25656 1
26067 26096 1
1835 28722 1
1236 20437 1
25590 25881 1
2360 20443 1
26078 28702 1
26075 28044 1
21722 25614 1
25547 28068 1
9 28243 1
25613 25618 1
1244 26252 1
1237 1247 1
28161 28538 1
32 28715 1
1941 26129 1
1835 26110 1
9 28538 1
2361 25716 1
60 2354 1
1709 20465 1
26078 28737 1
26251 28156 1
1002 28116 1
1935 23231 1
53 26120 1
9 28657 1
26129 28691 1
20433 27714 1
28330 28355 1
27929 28495 1
20466 28653 1
1247 26103 1
32 25716 1
28516 28535 1
20466 25719 1
28645 28657 1
26060 28534 1
69 1241 1
20433 28516 1
26078 27694 1
53 23192 1
20436 20440 1
24789 28116 1
26087 26251 1
2337 23192 1
28337 28356 1
26062 26102 1
1988 28261 1
20433 25642 1
2387 25713 1
1980 2550 1
1980 27381 1
28339 28341 1
2582 28116 1
46 1919 1
26060 26067 1
2390 28650 1
20466 28696 1
20 25913 1
20433 28364 1
1980 28570 1
1988 25618 1
28334 28400 1
9 2315 1
1230 25916 1
20437 25916 1
7 2330 1
23230 28447 1
24643 26075 1
2304 28625 1
1919 26123 1
23230 28644 1
25 28695 1
23231 24643 1
1231 2417 1
1030 28337 1
28481 28490 1
1237 28645 1
1249 26129 1
1835 2423 1
28483 28488 1
25 28693 1
25608 26076 1
60 26073 1
7 25211 1
1232 28714 1
26060 28341 1
1962 28486 1
2423 23189 1
53 1709 1
1228 1835 1
23230 28662 1
60 28532 1
7 1250 1
2387 2552 1
1237 25716 1
1243 28161 1
2390 27689 1
1962 28501 1
1244 26123 1
1230 28325 1
2335 2343 1
1835 25656 1
9 25828 1
1950 24786 1
26060 27712 1
20465 28629 1
2335 26064 1
18 28336 1
25766 26123 1
26078 28202 1
1835 27707 1
7 25721 1
2329 27689 1
1950 27668 1
53 28739 1
39 28527 1
2366 28702 1
2414 28645 1
2417 26075 1
2034 20433 1
28337 28341 1
20465 27124 1
2304 28394 1
2358 28693 1
2335 25885 1
1980 28719 1
20 26092 1
1238 25547 1
2334 28678 1
2414 25621 1
26102 26139 1
24786 28116 1
60 28334 1
26060 26113 1
20437 23231 1
4023 27689 1
1988 28262 1
26060 28742 1
23189 28691 1
27607 27694 1
900 25926 1
27689 28713 1
25717 26075 1
21722 27124 1
32 26065 1
22 2337 1
21 28320 1
32 26123 1
20466 28669 1
39 28534 1
28497 28516 1
26103 26251 1
1239 26076 1
26060 28696 1
53 1235 1
1236 1244 1
20465 25661 1
2361 26129 1
69 25611 1
28339 28357 1
28482 28489 1
24786 25612 1
1835 26068 1
1 26078 1
1980 28467 1
22 2335 1
1941 25611 1
25916 28023 1
28481 28488 1
2363 20466 1
1241 25717 1
23189 25716 1
20466 28693 1
2354 25616 1
2334 23189 1
1980 28513 1
1030 25881 1
2390 25637 1
2414 25713 1
2670 28481 1
25608 26251 1
2361 25640 1
2337 28497 1
20465 28659 1
1243 26129 1
1962 28694 1
26078 28665 1
25662 28617 1
39 25205 1
2360 25205 1
32 2390 1
28495 28543 1
26069 28691 1
7 28641 1
20433 25656 1
23230 28567 1
25 28665 1
1239 28662 1
25614 28023 1
60 1950 1
20433 28694 1
1235 25881 1
1232 26251 1
26065 26120 1
4039 25713 1
1237 27607 1
26074 26096 1
1242 26073 1
2360 28700 1
26069 28301 1
20466 28353 1
28326 28331 1
53 24643 1
2323 25547 1
26074 28317 1
26069 28622 1
25716 28495 1
1835 28144 1
28483 28486 1
23230 28656 1
1988 27707 1
22 28023 1
1237 28161 1
1235 1247 1
24643 25202 1
2329 25713 1
25637 27607 1
32 2403 1
2304 28647 1
26103 28496 1
28711 28715 1
27607 28495 1
1980 28486 1
25614 26129 1
20433 28494 1
9 28353 1
60 2356 1
1962 25615 1
2337 26104 1
24786 26075 1
2335 2552 1
39 25723 1
18 28662 1
20433 28735 1
60 1235 1
22 2414 1
26102 28486 1
1988 28328 1
1962 28334 1
26074 28059 1
1246 28696 1
28485 28495 1
53 8619 1
18 25766 1
1241 28472 1
1234 1937 1
1237 2365 1
2387 25616 1
26251 27714 1
1461 28691 1
1754 28292 1
2331 25547 1
20437 27712 1
2366 28617 1
2329 2404 1
20436 26104 1
27607 28496 1
28501 28504 1
9 1040 1
28700 28701 1
1935 26102 1
53 28692 1
1461 8620 1
26251 27703 1
20433 28199 1
2337 26251 1
46 1709 1
25202 28338 1
32 1234 1
2329 2513 1
1835 28380 1
60 27607 1
1241 25613 1
53 28023 1
1244 26092 1
2356 28735 1
2329 25662 1
1970 28641 1
25 25613 1
46 28641 1
1246 25612 1
20 1238 1
26129 28678 1
1236 26096 1
23356 26060 1
60 2551 1
26102 28645 1
1988 28617 1
53 26071 1
1236 26069 1
2334 25716 1
28334 28429 1
39 28502 1
1235 26064 1
20433 21722 1
24786 25640 1
1238 28732 1
3092 8619 1
9 25881 1
25716 26066 1
26076 28161 1
2404 28714 1
20433 25645 1
1962 28735 1
32 27716 1
53 28490 1
20465 28139 1
2423 25205 1
24643 26120 1
46 28656 1
1230 26120 1
20 234 1
32 28692 1
1988 28694 1
2335 28035 1
2387 26092 1
39 28691 1
39 2551 1
2304 28490 1
1950 2360 1
1988 28675 1
2304 28716 1
25547 28675 1
2332 2334 1
2360 28698 1
53 28691 1
1942 27706 1
2360 23189 1
46 25641 1
25547 26065 1
881 25608 1
28484 28489 1
1962 28312 1
1230 2423 1
7 28246 1
1233 24786 1
2403 25713 1
1244 2354 1
9 28721 1
20 25 1
2356 27689 1
1239 23192 1
2336 2414 1
24786 25713 1
1988 28516 1
2304 28494 1
1 26075 1
26081 26102 1
25611 28023 1
26067 26070 1
28336 28353 1
60 28335 1
1835 25642 1
1935 28691 1
965 25637 1
26078 28629 1
27689 28490 1
23189 25913 1
32 2365 1
53 25621 1
25881 27929 1
1950 20437 1
20465 25205 1
32 28693 1
25717 26102 1
2414 26065 1
53 23231 1
26123 28478 1
1980 28332 1
20466 26065 1
2356 2417 1
2361 23192 1
2334 28668 1
1942 26074 1
8619 23230 1
28161 28334 1
28116 28161 1
1242 26104 1
39 28475 1
2390 25640 1
25608 26069 1
28688 28696 1
2360 27713 1
25926 26073 1
2337 28645 1
7 28160 1
23230 26113 1
26109 28116 1
1247 26074 1
24786 26069 1
28696 28700 1
2329 2403 1
2361 27689 1
60 23231 1
25202 28497 1
25608 25640 1
28716 28717 1
60 234 1
26068 28023 1
27689 28659 1
26082 26252 1
20466 28224 1
9 2365 1
39 25720 1
20 1970 1
1241 26120 1
1231 25202 1
7 28511 1
20466 26109 1
28714 28715 1
27607 28475 1
26109 26115 1
1002 20443 1
1002 26102 1
1667 1919 1
1835 28649 1
931 25900 1
1250 2304 1
26060 28649 1
9 28432 1
2331 28696 1
1233 28735 1
9 24789 1
25616 26103 1
962 23230 1
26075 28059 1
27607 28245 1
2414 25916 1
881 1950 1
20 60 1
1231 25547 1
4039 24786 1
2304 28678 1
2034 24786 1
1236 23231 1
26060 28662 1
234 1937 1
1237 28116 1
1241 2414 1
1235 2331 1
27689 28695 1
20466 28046 1
20 25640 1
1244 26076 1
1250 20436 1
23230 28647 1
23231 25641 1
900 25608 1
1962 28346 1
28517 28563 1
1237 25641 1
26103 28494 1
24643 28692 1
7 28472 1
20465 28323 1
25913 28692 1
26069 28478 1
20436 28745 1
4039 25637 1
20466 27668 1
2304 27705 1
2404 20465 1
25202 26073 1
28732 28739 1
1988 2321 1
1835 2550 1
7 28483 1
1991 27689 1
1235 24643 1
965 26251 1
25766 26067 1
25766 25916 1
1231 26129 1
20437 26069 1
1970 21722 1
1935 25713 1
28488 28489 1
20437 20443 1
7 2321 1
2334 2354 1
2550 25931 1
25717 28489 1
7 28682 1
1970 25608 1
39 28749 1
69 26103 1
1002 20433 1
26078 26139 1
1980 25884 1
25615 25618 1
26067 26251 1
18 2390 1
1980 2426 1
23189 28116 1
1980 26139 1
28517 28520 1
25 27716 1
2289 28735 1
1228 2304 1
2417 28688 1
1234 1709 1
1231 25766 1
2337 28726 1
1835 27713 1
4039 20436 1
1835 28409 1
23230 25656 1
1242 25612 1
39 25719 1
2417 23189 1
1962 28576 1
26060 28538 1
2360 25718 1
39 28345 1
1242 25716 1
1244 26073 1
1239 25723 1
25716 28497 1
28486 28489 1
2390 25716 1
2078 2289 1
1988 2046 1
1835 28701 1
24643 28068 1
4039 20437 1
4039 26075 1
1239 28576 1
26092 28023 1
20465 28326 1
7 28517 1
24786 25717 1
24786 25913 1
2354 25608 1
28156 28157 1
28517 28544 1
26069 28331 1
2423 23192 1
2331 26104 1
46 23192 1
1937 26129 1
39 28669 1
2354 28691 1
27689 28694 1
1228 1962 1
234 26073 1
2360 25645 1
2335 2423 1
9 25644 1
7 2551 1
39 2550 1
2034 2366 1
1231 26065 1
1835 27703 1
26074 27668 1
1937 28695 1
21 28495 1
46 2404 1
2304 25645 1
26092 26096 1
26060 28516 1
1239 2334 1
26060 26096 1
25786 28691 1
1237 26073 1
2423 25611 1
1461 2366 1
20465 26061 1
1239 25547 1
25766 27689 1
2414 28334 1
1238 2337 1
25931 28644 1
2329 2414 1
25 28645 1
1237 28688 1
21722 25713 1
26063 26074 1
60 28694 1
2304 25644 1
25205 28496 1
28338 28363 1
23230 28576 1
9 28364 1
26092 27689 1
25611 26069 1
25 286 1
1962 27800 1
28328 28337 1
1970 25716 1
1988 28345 1
2366 25926 1
1942 27124 1
25641 25916 1
2426 25913 1
39 25662 1
7 25884 1
25713 25769 1
1835 28364 1
2366 28483 1
25 25612 1
20466 28472 1
2390 28740 1
25202 26129 1
1962 25616 1
2304 28669 1
32 28068 1
2361 2582 1
234 2336 1
1962 28499 1
39 25661 1
1 26102 1
25 931 1
2046 28292 1
2337 28732 1
2414 28665 1
26060 28482 1
20433 24789 1
28330 28363 1
23230 25647 1
2337 25618 1
26102 28641 1
2361 28726 1
1002 1237 1
950 28345 1
2387 28678 1
2417 24789 1
9 28516 1
25 1233 1
2333 20433 1
2404 28665 1
2366 27707 1
1980 28532 1
2366 28740 1
25766 25913 1
60 2426 1
1980 26082 1
7 28551 1
2335 20443 1
20466 28511 1
2304 28254 1
28496 28520 1
69 25202 1
1935 1937 1
1233 1970 1
28735 28736 1
39 28648 1
28504 28512 1
28711 28735 1
2356 2403 1
26073 28622 1
2417 2423 1
26252 28317 1
9 28297 1
28512 28586 1
1980 8619 1
28525 28529 1
18 28312 1
23189 26092 1
27381 28118 1
1040 25608 1
2360 28666 1
53 27841 1
1231 28494 1
26120 28337 1
2403 23192 1
2360 2552 1
2414 28629 1
20466 26085 1
1243 25608 1
7 26067 1
1237 26092 1
25661 26103 1
20465 28341 1
2078 26060 1
1988 28327 1
25717 28161 1
25720 28483 1
2387 26063 1
1988 26115 1
1241 28323 1
1236 4039 1
9 28292 1
25716 28292 1
1667 1988 1
2417 28732 1
20436 25717 1
25637 28068 1
28691 28698 1
9 2330 1
26064 26067 1
20436 25613 1
1246 25547 1
1835 28737 1
25608 25713 1
1935 25913 1
2387 20433 1
1239 28068 1
26060 28380 1
2329 25613 1
20433 25614 1
53 1244 1
28324 28327 1
1228 24643 1
1233 28497 1
2330 23230 1
1230 2337 1
23230 28538 1
2551 23230 1
23231 25612 1
881 20465 1
25716 28116 1
1942 28478 1
2582 25612 1
1235 26073 1
25608 26075 1
4023 23230 1
23231 26073 1
2550 23230 1
7 28646 1
20443 26069 1
1002 26078 1
2304 28339 1
965 24786 1
1941 20437 1
28481 28496 1
965 27689 1
23230 25645 1
46 28691 1
25547 26069 1
1238 26123 1
2403 2423 1
4039 25881 1
69 26078 1
18 1231 1
1669 2304 1
28492 28525 1
22 23231 1
1988 25766 1
1228 2034 1
1988 27713 1
26103 28735 1
2361 23189 1
39 25881 1
18 28716 1
1980 28748 1
28694 28698 1
28732 28740 1
26251 28336 1
25721 26078 1
2414 28497 1
1238 20437 1
28481 28570 1
25608 26073 1
1002 28518 1
1962 28482 1
26060 28570 1
25 24786 1
26078 28486 1
25913 27694 1
60 2515 1
60 24786 1
1237 26076 1
26081 28297 1
60 25913 1
7 28555 1
32 26069 1
1244 25202 1
25718 25913 1
1250 28691 1
2304 25618 1
25719 27689 1
2417 24643 1
234 1238 1
24786 28629 1
2404 27689 1
69 2304 1
28494 28497 1
20 25641 1
1249 28692 1
1950 24643 1
25931 26060 1
2334 25637 1
25713 25947 1
23230 28645 1
1231 28688 1
26110 27689 1
1980 28646 1
20465 26115 1
25637 25913 1
25547 26120 1
7 27800 1
24643 28691 1
2366 28648 1
39 26111 1
1980 28653 1
1980 2330 1
1244 2404 1
20437 27607 1
20433 27800 1
1835 25947 1
1231 25611 1
26123 28336 1
1835 2515 1
28320 28330 1
26069 27607 1
4039 28116 1
25766 28693 1
23231 26075 1
1237 25913 1
28485 28487 1
1835 28323 1
2329 23192 1
53 28497 1
25 28516 1
1243 28023 1
9 28736 1
1002 20437 1
1237 28495 1
26060 28343 1
2304 26113 1
26102 27668 1
900 24786 1
2329 2417 1
1 1236 1
22 2334 1
1239 28691 1
3428 28644 1
20466 28698 1
2360 28617 1
965 28678 1
28641 28691 1
2354 25202 1
25916 28688 1
20443 21722 1
1234 27607 1
60 28116 1
1242 2334 1
26069 26096 1
21722 25621 1
1234 28641 1
26078 28700 1
25661 28023 1
23231 27689 1
1962 2356 1
20443 25202 1
2366 27716 1
1236 27607 1
2334 25641 1
1233 28538 1
25 28504 1
20437 27708 1
26102 26113 1
28668 28675 1
26060 28714 1
28483 28495 1
20437 26252 1
1238 25640 1
28716 28718 1
1980 28030 1
53 28695 1
1950 2334 1
46 25916 1
2334 27124 1
28481 28589 1
2366 28646 1
2390 20437 1
1950 21722 1
20465 28737 1
25881 28714 1
53 28429 1
25 27694 1
23230 28555 1
26104 27607 1
26069 28715 1
1002 28334 1
2360 26076 1
26096 28068 1
2417 28481 1
1236 25916 1
32 1238 1
8620 20465 1
39 28243 1
286 28705 1
28499 28516 1
20 25713 1
2332 2337 1
28116 28736 1
23230 25661 1
23230 26091 1
4039 26076 1
1835 28478 1
20466 27929 1
60 28662 1
2404 28662 1
46 25718 1
7 28224 1
23230 28357 1
25202 28023 1
28495 28570 1
7 28666 1
1242 20436 1
18 25637 1
1239 26120 1
39 28667 1
1830 1942 1
2360 26062 1
1835 28160 1
1835 28485 1
1247 26092 1
28526 28528 1
2414 4039 1
1950 25608 1
1250 23230 1
22 26076 1
46 1937 1
1980 28550 1
9 28551 1
7 28719 1
1937 25641 1
1980 2094 1
26078 28732 1
2366 26109 1
2582 26129 1
1244 28023 1
1242 26123 1
20465 28617 1
1233 26078 1
286 1241 1
2304 28496 1
39 2365 1
2331 20437 1
4039 28700 1
2366 27607 1
1980 25647 1
1835 2332 1
2361 25202 1
32 25615 1
26103 28711 1
32 28696 1
2366 28741 1
9 27713 1
1243 2335 1
28495 28560 1
9 25640 1
9 28677 1
26102 28343 1
20436 28023 1
69 25616 1
25716 26092 1
25616 28161 1
950 25913 1
26103 26123 1
1239 26074 1
931 1937 1
2414 2423 1
39 28293 1
1230 24643 1
9 28494 1
28481 28499 1
1230 25616 1
7 8619 1
28487 28488 1
26061 26066 1
1238 26069 1
2304 28741 1
2337 28740 1
2334 2403 1
8620 28691 1
23230 28535 1
20433 25717 1
26102 26120 1
1669 24643 1
2304 28418 1
20466 27716 1
1246 25114 1
26074 26081 1
1988 2363 1
1935 28693 1
1231 28339 1
2414 25615 1
25612 26120 1
26123 28488 1
25926 26123 1
25 2582 1
25611 25662 1
1238 26061 1
1461 27689 1
26065 27607 1
1234 20436 1
2414 25913 1
234 26074 1
2387 23189 1
25 28341 1
1988 28199 1
2366 2403 1
53 26103 1
1835 28355 1
20433 25613 1
23230 28654 1
2360 2363 1
9 25662 1
28714 28719 1
1233 2366 1
1988 20443 1
7 28027 1
26074 27124 1
18 28499 1
25611 25717 1
1830 1991 1
46 28116 1
46 25719 1
25613 25913 1
2337 28736 1
27689 28336 1
23192 26075 1
1237 25717 1
1241 27689 1
1250 1988 1
2366 28649 1
1709 20466 1
1241 28535 1
25913 28688 1
2335 2582 1
1246 26074 1
23231 25662 1
46 26103 1
2414 26123 1
1835 2343 1
25547 28023 1
1980 28728 1
1233 25613 1
28625 28628 1
2365 25608 1
26063 26070 1
28560 28561 1
1249 26060 1
2335 28722 1
1980 28364 1
7 23356 1
2304 2365 1
1232 2334 1
1002 1238 1
881 2034 1
26109 27689 1
1244 28161 1
20436 28644 1
2404 25615 1
1835 28669 1
1232 26069 1
46 28692 1
1835 28719 1
2335 25644 1
28662 28669 1
1941 2335 1
1835 28483 1
20 4039 1
20465 26110 1
39 28657 1
2354 25926 1
1980 28651 1
39 2332 1
28161 28336 1
9 28467 1
2358 25769 1
25913 26103 1
20 1244 1
2366 26104 1
1774 1988 1
2360 28023 1
25716 25766 1
2404 28691 1
26104 26123 1
2360 25713 1
25547 25766 1
931 2334 1
26103 28337 1
53 25616 1
2366 28662 1
2417 28740 1
28490 28538 1
25713 26092 1
24643 25637 1
931 28742 1
23192 28665 1
1937 25716 1
26109 26129 1
2366 2582 1
2360 2423 1
32 1709 1
26060 28738 1
25881 28711 1
24643 26111 1
26060 28243 1
25717 28330 1
39 25114 1
20436 20441 1
28484 28490 1
1835 8619 1
2366 27835 1
1249 1970 1
2321 28146 1
53 69 1
2356 25616 1
20437 25713 1
9 25661 1
18 28700 1
20437 28497 1
2390 2550 1
1980 28409 1
1233 28499 1
46 2414 1
1962 25205 1
20466 28496 1
26102 28257 1
26060 28651 1
2360 27929 1
32 28739 1
26096 26129 1
1239 2337 1
1950 28023 1
28525 28526 1
2354 24786 1
20465 26114 1
25718 25719 1
2387 23192 1
20437 26251 1
20437 25926 1
2417 28699 1
26251 28202 1
1988 28487 1
20433 25926 1
1669 2360 1
28711 28728 1
2551 8620 1
2366 25645 1
1962 28513 1
2335 28118 1
25608 26092 1
2366 26073 1
1461 20466 1
28494 28517 1
28692 28699 1
39 27716 1
24786 26103 1
20436 25547 1
20465 28735 1
2361 25612 1
25611 28161 1
2366 25661 1
1835 2330 1
1937 26103 1
25 27668 1
25202 28494 1
28321 28327 1
28699 28700 1
46 28361 1
60 28499 1
2360 28483 1
2354 28692 1
2356 28644 1
20433 20440 1
25611 28714 1
1237 25916 1
20436 25114 1
60 26251 1
1237 26069 1
32 1233 1
28693 28699 1
60 28339 1
1835 2094 1
1835 28629 1
1980 28647 1
7 28716 1
2337 26252 1
27689 28501 1
7 21 1
26104 26120 1
25614 25661 1
23230 28324 1
1835 25931 1
2360 25644 1
1980 28552 1
25643 25645 1
26073 28418 1
1970 28617 1
2403 24643 1
2551 28691 1
881 25205 1
23230 26065 1
2414 28644 1
1241 20433 1
26096 26103 1
1988 26070 1
32 28654 1
2337 25766 1
1941 2360 1
24643 24789 1
24789 26102 1
23230 25721 1
28667 28669 1
18 28335 1
1980 25828 1
28482 28496 1
1 1962 1
26076 27668 1
28380 28381 1
26078 28146 1
60 28644 1
2334 28023 1
1235 27607 1
26102 28488 1
2390 25205 1
234 28023 1
25 23192 1
2513 2550 1
28494 28504 1
2304 25642 1
53 26073 1
9 28223 1
2360 28337 1
25766 28696 1
1247 24643 1
1246 28714 1
26068 26120 1
900 26073 1
2387 24786 1
26078 28330 1
26078 28410 1
1247 2331 1
28487 28503 1
25611 25621 1
7 28418 1
1988 2354 1
2360 28657 1
7 28567 1
1002 25547 1
25786 26060 1
1030 20433 1
2304 28651 1
4039 28694 1
1237 25612 1
2366 25644 1
1935 27607 1
2358 2390 1
46 26114 1
1246 27607 1
2078 26075 1
69 27689 1
9 28534 1
2335 26123 1
23230 25828 1
26060 28325 1
2414 28337 1
28519 28551 1
2304 28628 1
2331 25717 1
1935 1950 1
28486 28488 1
24643 28688 1
28668 28669 1
1980 27724 1
23230 28343 1
25611 25723 1
25 27929 1
1232 28711 1
2335 26252 1
1236 26252 1
1667 4039 1
1247 2417 1
25766 26252 1
25637 28161 1
2366 26092 1
53 1231 1
60 28668 1
2414 26251 1
23231 25202 1
20433 27841 1
28516 28519 1
25717 28482 1
1667 1835 1
7 25114 1
1234 26075 1
1244 2403 1
1835 8620 1
1667 2414 1
24643 28665 1
1835 28538 1
26074 28023 1
9 28679 1
28711 28739 1
23189 26073 1
28161 28488 1
28735 28742 1
25 28301 1
234 28116 1
965 25608 1
39 1709 1
25 8619 1
26076 26115 1
2304 28341 1
20433 28345 1
1980 20441 1
46 26251 1
2335 27716 1
1980 28328 1
1238 2335 1
1970 25916 1
25611 26074 1
26065 26066 1
28023 28662 1
2331 26103 1
1835 28331 1
26078 28695 1
27607 28688 1
28199 28201 1
2366 25721 1
1980 20439 1
2336 25926 1
1247 2360 1
881 1236 1
2390 23192 1
26073 27668 1
2330 3092 1
2304 25718 1
23230 28646 1
9 965 1
28665 28666 1
1774 26102 1
1988 28702 1
28320 28323 1
2335 28161 1
1228 26102 1
2315 25611 1
23230 28527 1
25716 25719 1
2304 26252 1
1231 26074 1
4039 8619 1
9 28726 1
1241 2361 1
22 1237 1
46 2358 1
28325 28330 1
2354 25621 1
7 2078 1
28698 28699 1
2390 23189 1
39 1919 1
20437 27707 1
931 20437 1
26063 26120 1
26102 28213 1
1962 28330 1
1980 28721 1
2417 27380 1
2414 28696 1
32 26112 1
2404 28678 1
20465 28677 1
20465 28378 1
1988 24789 1
23189 26061 1
1238 28485 1
25916 26074 1
1233 2334 1
2034 26129 1
2414 25613 1
20433 27124 1
21 286 1
7 28482 1
21 28705 1
32 25661 1
1233 20436 1
2366 24786 1
1233 26074 1
23230 28516 1
900 1962 1
25615 26063 1
46 28495 1
66 1988 1
25547 25611 1
1235 1970 1
26061 26064 1
26120 28488 1
2354 28713 1
1950 26073 1
1232 25205 1
2366 28716 1
25713 28400 1
7 25661 1
18 2670 1
1937 28116 1
2304 28648 1
965 26102 1
18 28334 1
23192 26092 1
20465 26091 1
1237 25614 1
1002 1232 1
2551 2552 1
286 28410 1
25881 28662 1
1239 28161 1
2330 2335 1
2403 25716 1
32 1935 1
1991 2034 1
1962 25645 1
20465 28736 1
1231 25916 1
46 28694 1
2331 4039 1
24786 28156 1
2582 24643 1
2034 26078 1
9 28653 1
25 1030 1
28483 28484 1
26075 26092 1
21 28335 1
1919 20466 1
1 28161 1
9 28695 1
2329 28691 1
7 28702 1
28646 28649 1
2329 25608 1
1233 28023 1
1988 28334 1
26069 28245 1
2390 28116 1
1709 25547 1
965 1937 1
2390 28688 1
2034 2088 1
1980 2332 1
20 26129 1
2336 20433 1
32 25613 1
26129 28715 1
28512 28520 1
2330 2515 1
23192 25913 1
28517 28560 1
1962 28345 1
1980 27849 1
24643 25608 1
962 965 1
7 28518 1
1988 28641 1
286 25913 1
25205 25608 1
1234 20437 1
26078 28692 1
1900 28499 1
53 28494 1
1935 26074 1
23231 26074 1
2417 28743 1
2360 28494 1
1242 25713 1
1233 20437 1
28330 28345 1
2315 2360 1
1234 1244 1
26063 26252 1
25611 28665 1
1988 28201 1
1919 2337 1
2330 8619 1
20436 25916 1
25547 28490 1
25913 28691 1
24786 25786 1
28068 28156 1
9 1030 1
53 25613 1
7 26139 1
2337 25637 1
1988 28667 1
20466 21722 1
1962 28617 1
39 2423 1
46 28367 1
1980 28056 1
2334 28726 1
2404 25205 1
26075 26109 1
931 25713 1
2417 25916 1
20466 26115 1
28483 28487 1
25205 26069 1
2358 28691 1
1970 2417 1
931 28645 1
1231 25926 1
20 1754 1
1040 20433 1
20465 28346 1
1040 28334 1
1937 26076 1
2078 21722 1
20436 26063 1
32 28644 1
2404 28644 1
1937 2387 1
2363 8619 1
2304 26115 1
26252 28336 1
2360 28742 1
1233 25547 1
25926 26103 1
20437 25786 1
23230 28353 1
21722 28007 1
25205 25713 1
26251 28023 1
1980 20440 1
2334 25769 1
25611 28641 1
20465 26139 1
25641 27689 1
28337 28338 1
2304 2315 1
4039 23192 1
28496 28504 1
1962 28481 1
28116 28337 1
2335 28330 1
20437 20441 1
1835 2675 1
26061 26102 1
27689 28503 1
1980 28560 1
2360 28489 1
22 20465 1
1236 20436 1
18 1250 1
1236 28481 1
25611 25916 1
1835 28146 1
28481 28484 1
28492 28497 1
7 25720 1
23230 28007 1
2304 26114 1
32 1937 1
7 8620 1
1988 2336 1
1988 20438 1
1246 2404 1
4039 28736 1
2337 2354 1
39 28343 1
26104 26115 1
28364 28367 1
28517 28555 1
25916 26120 1
1239 25926 1
2334 25202 1
26064 26251 1
2323 23230 1
2337 2356 1
1962 28657 1
1937 20465 1
46 1230 1
1244 25717 1
26103 28116 1
2414 26129 1
1830 27124 1
26060 28618 1
23230 28678 1
2387 28714 1
2329 20433 1
1659 26060 1
28644 28648 1
2337 25613 1
1246 2366 1
2361 28641 1
25641 25656 1
20466 28494 1
27708 27835 1
9 1659 1
32 21722 1
1988 26109 1
1937 2334 1
25640 25716 1
1962 28293 1
1774 25926 1
46 2390 1
25716 26069 1
23230 28726 1
1962 25643 1
20436 20439 1
1246 26123 1
9 28499 1
2360 8619 1
24789 25828 1
1238 28495 1
26068 28161 1
1228 27689 1
23189 26103 1
2387 28692 1
1232 26112 1
1840 2670 1
25547 26104 1
1247 27689 1
25881 25913 1
2354 2366 1
9 26068 1
25913 26123 1
1234 1237 1
881 25766 1
1002 28337 1
32 1232 1
2329 25202 1
1774 20466 1
20433 25947 1
1246 20433 1
32 25926 1
39 2582 1
26102 28223 1
2358 20466 1
18 1242 1
28641 28693 1
25766 26103 1
234 8620 1
1962 28504 1
286 1769 1
1835 25721 1
7 28432 1
2403 28691 1
66 1980 1
2551 27689 1
2304 20443 1
28487 28504 1
2414 28735 1
23230 28657 1
2404 27694 1
46 24643 1
23231 28116 1
2088 2670 1
25716 25769 1
1233 28485 1
1236 27689 1
2337 25718 1
25718 26078 1
60 27668 1
1962 25114 1
1243 26102 1
1709 24643 1
26251 28262 1
1236 26123 1
1980 28110 1
28495 28534 1
1241 2354 1
23230 24789 1
25721 27689 1
28715 28726 1
60 28665 1
2417 27929 1
25881 28538 1
39 28649 1
53 26092 1
1233 25881 1
1962 28290 1
950 1962 1
2335 26092 1
1239 26064 1
23192 25716 1
1962 28221 1
23231 26252 1
2336 20466 1
46 25618 1
2356 28742 1
26060 28037 1
9 28312 1
1988 27841 1
7 20438 1
27607 28478 1
32 28719 1
1769 23230 1
26074 26092 1
24643 28116 1
26129 28641 1
20437 28116 1
2304 27124 1
25611 25884 1
2289 20466 1
1234 25637 1
28161 28495 1
1835 28467 1
39 28394 1
1230 1246 1
2333 2335 1
18 25613 1
9 26085 1
881 26060 1
2366 28666 1
2354 20437 1
25 28336 1
32 26066 1
26103 28243 1
25205 28517 1
881 26251 1
25 2336 1
32 28486 1
21 26068 1
39 27929 1
2334 25614 1
9 1250 1
1774 26060 1
26092 26129 1
2390 24643 1
22 26129 1
24786 25662 1
965 25766 1
27607 28485 1
26109 26114 1
28261 28262 1
234 2403 1
7 28678 1
7 28327 1
20466 28576 1
28519 28555 1
25721 26060 1
1231 26120 1
2404 25769 1
21 28502 1
2360 26091 1
20466 25114 1
1232 2360 1
18 28693 1
2304 28739 1
2289 23230 1
25614 26075 1
25 1228 1
9 1919 1
1242 2403 1
26061 26129 1
26062 26251 1
2414 26073 1
7 28478 1
1988 2078 1
2335 25723 1
9 2034 1
1239 26065 1
26065 28161 1
53 26085 1
39 2356 1
21722 25716 1
2390 28693 1
2289 26075 1
1238 25202 1
1237 1246 1
23230 27724 1
1236 25547 1
26074 28447 1
1937 28339 1
1246 28695 1
1241 2356 1
1242 25608 1
1230 1774 1
9 881 1
28323 28336 1
26060 28659 1
2321 2360 1
931 1239 1
1030 2323 1
2334 2361 1
23231 26076 1
1249 2360 1
2387 25614 1
2390 28023 1
2426 26060 1
2404 25913 1
9 27800 1
234 2334 1
1246 20437 1
60 69 1
2365 25202 1
1228 28116 1
27607 28517 1
25611 26123 1
2414 23192 1
26073 28290 1
1242 26075 1
234 20437 1
53 28512 1
28485 28538 1
1 60 1
23189 25717 1
1988 28629 1
1244 26104 1
1835 26109 1
1241 28161 1
26113 28068 1
1991 2360 1
20433 28702 1
1231 2414 1
25641 25643 1
1236 2034 1
1237 28692 1
26065 26074 1
7 2582 1
25644 25645 1
25590 25637 1
1244 25547 1
25640 26103 1
2360 27841 1
2330 2336 1
1238 28161 1
1236 25613 1
2343 23230 1
2354 26078 1
881 26104 1
7 26066 1
1941 1950 1
1970 26104 1
1709 20433 1
28353 28381 1
2337 28116 1
931 3092 1
23230 28504 1
53 1247 1
28144 28146 1
1238 25612 1
60 1247 1
25 25618 1
26060 28251 1
23230 28716 1
26078 28696 1
20466 28251 1
2334 28116 1
28665 28675 1
2423 28691 1
53 27716 1
2387 2423 1
2417 25205 1
25614 25662 1
25717 26066 1
28483 28504 1
2304 2336 1
26102 28714 1
39 28548 1
46 23231 1
20437 25641 1
20 1234 1
25766 28691 1
9 28496 1
25202 25716 1
1242 25611 1
2335 25643 1
286 2304 1
9 26096 1
3092 26078 1
53 2354 1
18 28495 1
1774 2335 1
2335 28649 1
2366 28668 1
27712 27724 1
9 28665 1
28336 28358 1
20466 28481 1
20436 25786 1
1002 20466 1
1461 2334 1
1234 26092 1
881 1234 1
28325 28337 1
23230 28699 1
1840 20466 1
2414 28495 1
7 2336 1
1233 2417 1
20433 26091 1
46 26112 1
28330 28336 1
20465 26064 1
1236 24643 1
1231 27689 1
2337 26074 1
20466 28512 1
1235 28325 1
27714 27849 1
27689 28716 1
2423 24789 1
20466 28326 1
23192 28035 1
26068 26071 1
2304 28657 1
3092 25931 1
1247 25608 1
23230 25719 1
53 26081 1
7 28629 1
1246 2337 1
1962 28262 1
1980 28713 1
26061 28748 1
2423 20436 1
2417 28694 1
