2304 2366 128
7 1962 69
1962 2304 67
1835 2366 66
2304 20436 65
9 2304 65
7 2304 63
7 2366 62
7 20433 59
7 23230 58
20433 23230 56
2366 20437 55
9 23230 53
2304 23230 52
39 23230 50
9 1962 47
9 39 47
7 2335 46
2304 20433 45
9 2335 43
2335 20437 42
2304 20437 41
20433 20436 40
1962 23230 38
7 20437 37
20433 26060 34
1962 20433 31
23230 26060 31
2360 20436 30
9 20433 29
2335 20433 29
7 46 28
7 1835 27
7 26060 26
7 20436 26
7 25 25
9 2366 25
2304 26060 25
9 20437 25
39 2304 24
9 20465 24
2304 2360 24
2366 20433 24
39 20433 23
39 1962 23
2366 23230 23
25 1962 23
9 26060 22
1962 1988 22
7 20465 22
1988 23230 21
2366 20436 21
39 20437 21
2360 20437 21
7 26078 20
1835 20437 20
2335 23230 20
1962 26060 19
39 26102 19
1962 20437 19
20437 26103 19
2360 26060 18
20465 20466 18
7 26103 18
1835 20433 17
25 23230 17
20436 23230 17
1962 2366 17
20465 26060 16
7 26102 16
23230 26103 16
25 2304 16
1835 20436 16
25 20433 16
2360 23230 15
20433 26102 15
7 2360 15
2304 26102 15
2335 2366 15
39 26060 14
1835 23230 14
39 20436 14
1835 2335 14
1962 2335 14
39 1988 14
20437 23230 14
1962 20465 13
1835 1962 13
2304 26103 13
2360 20433 12
2304 20465 12
46 1962 12
9 26102 12
2304 2335 12
9 2360 12
23230 26078 12
9 26103 12
7 39 12
2304 26078 11
20433 20465 11
46 26060 11
20433 25344 11
7 25344 11
20436 20465 11
7 1988 11
1835 26060 11
1988 20433 11
2334 20433 11
7 18 11
9 1835 10
7 20466 10
25344 26060 10
23230 26102 10
20437 26060 10
25 20436 10
39 2366 10
25 26060 10
2335 2360 10
46 2304 10
9 1988 9
1962 20436 9
7 60 9
7 32 9
7 9 9
1962 2360 9
2335 26060 9
1962 26102 9
39 26078 9
25 26102 9
20433 20437 9
39 20465 9
39 26103 8
20437 26078 8
9 20436 8
20436 26060 8
2335 20436 8
1835 20465 8
23230 25344 8
20466 26060 8
39 20466 8
1835 26102 8
2360 26103 8
39 1835 8
32 23230 8
1835 26103 8
26060 26103 7
25 20437 7
46 26102 7
20433 20466 7
2304 20466 7
9 46 7
1988 26060 7
60 2360 7
2366 26078 7
1835 26078 7
2304 25344 7
20436 26102 7
2335 20466 7
1962 26103 7
18 1962 7
32 1962 7
25 26078 7
1962 26078 7
1835 2304 6
2335 26102 6
32 26060 6
9 25202 6
25 39 6
39 2335 6
1237 23230 6
2366 20465 6
1988 2304 6
46 20437 6
32 2304 6
20437 20465 6
2366 26102 6
20466 23230 6
18 2304 6
26078 26102 6
20465 23230 6
2360 25344 6
60 20433 6
1835 1988 5
9 26078 5
20465 26078 5
2360 2366 5
46 23230 5
7 25202 5
39 2360 5
1962 20466 5
32 26078 5
26102 26103 5
32 20433 5
25 2360 5
32 1988 5
9 20466 5
46 1835 5
20437 25344 5
9 1237 5
20436 20437 5
1988 26078 5
25 20465 5
20437 20466 5
20436 26078 5
20437 26102 5
32 1835 4
46 20465 4
1234 2366 4
2335 2414 4
20433 26103 4
2335 25344 4
2335 20465 4
1835 25344 4
1835 2360 4
1237 1962 4
25344 26078 4
26060 26102 4
25 1835 4
46 1988 4
25 25344 4
2335 25913 4
1988 20437 4
53 20433 4
18 23230 4
2360 26102 4
1234 1235 4
2366 26060 4
39 1237 4
20433 25202 4
1237 20433 4
1988 26102 4
46 26078 3
46 20466 3
25 2335 3
46 2335 3
2366 25344 3
9 25881 3
1988 20436 3
1835 20466 3
7 2331 3
23230 26120 3
25 26103 3
2360 20465 3
46 25202 3
2304 2390 3
25 2366 3
2304 25611 3
4039 23230 3
32 2366 3
32 39 3
32 20465 3
1988 2360 3
1988 2366 3
26060 26078 3
18 2366 3
25 46 3
7 1244 3
32 26102 2
1835 21722 2
46 26103 2
20433 26078 2
20466 26103 2
46 2366 2
2360 21722 2
1988 21722 2
32 20436 2
1835 2337 2
1232 1234 2
2366 20466 2
1002 20465 2
32 26103 2
26078 26103 2
60 26102 2
1237 2304 2
25344 26129 2
25 1235 2
1962 25344 2
25202 25913 2
60 25344 2
9 26120 2
1002 26060 2
1231 2304 2
25 20466 2
1237 20437 2
1988 2335 2
18 20437 2
9 1235 2
1237 26060 2
20465 25202 2
20466 25202 2
46 20433 2
32 20437 2
46 25344 2
20465 26102 2
18 26060 2
7 1234 2
25 1988 2
25 1237 2
27 27600 2
1243 2304 2
25344 26102 2
7 1237 2
25202 25881 2
32 1235 2
32 25344 2
2304 25202 2
60 26103 1
900 26103 1
9 53 1
39 21722 1
32 26075 1
20436 25766 1
25202 26103 1
1235 2304 1
25 26129 1
1237 20465 1
1244 20466 1
2366 21722 1
20436 25202 1
1988 26075 1
1988 25766 1
32 2360 1
18 26078 1
39 1002 1
1962 4039 1
25637 26060 1
23230 24643 1
2414 26102 1
2354 20466 1
23230 25881 1
46 2337 1
18 25 1
1232 20433 1
28 1962 1
60 1962 1
26102 26129 1
20465 21722 1
1962 21722 1
7 25881 1
2337 20437 1
1233 1235 1
32 46 1
9 32 1
900 23230 1
1237 20466 1
20437 25881 1
27 26060 1
9 27 1
24643 26103 1
18 26103 1
25611 25913 1
25344 25540 1
26060 26129 1
25 53 1
60 20437 1
1234 20437 1
20433 25881 1
1962 27600 1
18 1988 1
2335 26103 1
2414 20433 1
18 950 1
20437 26129 1
20433 21722 1
1234 2304 1
20466 26129 1
1235 26102 1
2354 25913 1
2304 26129 1
27 2304 1
234 2414 1
2304 2331 1
60 20466 1
1234 20433 1
2304 21722 1
7 21722 1
1962 26129 1
2360 20466 1
2304 26120 1
53 26060 1
2304 26075 1
1962 26075 1
18 4039 1
25344 26103 1
28 25202 1
32 1237 1
1233 23230 1
2360 2390 1
2304 2414 1
1234 26060 1
53 2304 1
9 25344 1
21722 26102 1
2414 26103 1
2335 25202 1
39 1234 1
2414 26060 1
7 1243 1
2360 25540 1
46 26129 1
32 24643 1
1234 1835 1
26078 26129 1
1243 1962 1
1237 2366 1
23230 25913 1
20465 26075 1
2360 4039 1
1239 26060 1
26102 26120 1
1962 2414 1
25881 26060 1
53 1835 1
60 1835 1
46 1237 1
25 2334 1
1234 1962 1
39 25344 1
2337 20433 1
20436 20466 1
1988 2331 1
39 1230 1
1230 1239 1
7 1235 1
2331 2366 1
53 2335 1
950 2304 1
1235 1962 1
20465 26103 1
1237 2335 1
53 2366 1
2334 26060 1
1002 2366 1
20437 25202 1
25 2337 1
1962 25637 1
60 2335 1
21722 23230 1
2304 25913 1
26075 26078 1
1232 1962 1
1988 26120 1
1230 2304 1
1231 1234 1
60 2366 1
2366 26120 1
1235 1835 1
1237 26103 1
1247 20465 1
2334 2360 1
1234 26120 1
7 2414 1
25 26120 1
2360 24643 1
1230 1234 1
39 25202 1
1235 20433 1
20466 26078 1
60 20465 1
234 1962 1
2360 26078 1
1231 1235 1
39 1247 1
53 25344 1
9 18 1
1962 26120 1
7 27 1
21722 26129 1
