7 23230 14
7 2360 4
7 1835 4
7 26060 4
7 2366 4
1835 18812 2
1835 23230 2
7 18812 2
4023 18812 2
2366 26060 2
2360 26103 2
2403 26102 1
7 46 1
7 20436 1
20436 23230 1
2366 23230 1
18812 26103 1
1970 23230 1
18812 23230 1
2335 26060 1
7 15 1
7 2403 1
26060 26103 1
1970 18812 1
23230 26102 1
2360 21722 1
20436 26060 1
7 26103 1
46 23230 1
1988 2360 1
23230 26103 1
1988 23230 1
15 20436 1
1835 4023 1
1835 26060 1
7 4023 1
21722 27226 1
4023 27226 1
2335 2366 1
46 20465 3
1835 1988 3
1988 23230 3
2360 23230 3
1962 20465 2
7 23230 2
9 20465 2
1962 18812 2
9 27290 1
46 1962 1
1835 1962 1
1962 27290 1
7 2360 1
1230 23230 1
2360 20465 1
7 1230 1
9 2360 1
7 23230 14
7 1835 4
7 2366 4
7 2360 4
7 26060 4
1835 18812 2
2360 26103 2
2366 26060 2
1835 23230 2
4023 18812 2
7 18812 2
23230 26102 1
1988 2360 1
18812 23230 1
7 15 1
2335 26060 1
2360 21722 1
23230 26103 1
7 26103 1
46 23230 1
1835 26060 1
7 2403 1
1970 23230 1
18812 26103 1
20436 26060 1
7 46 1
2403 26102 1
15 20436 1
7 4023 1
2366 23230 1
1970 18812 1
21722 27226 1
1835 4023 1
7 20436 1
1988 23230 1
4023 27226 1
20436 23230 1
2335 2366 1
26060 26103 1
