7 2304 29
7 20437 25
7 1962 21
2304 2366 21
7 26102 20
7 26060 11
25 20437 10
20437 26103 9
20437 26102 9
1962 26102 9
2304 20466 9
7 20465 8
2304 26060 8
20465 20466 8
7 25 7
7 2335 7
1835 20437 7
2304 2360 7
2335 20437 6
1835 2335 5
7 1835 5
7 26103 5
7 32 5
1962 2304 4
7 20466 4
7 20433 4
2304 26102 4
39 20437 4
7 23231 3
7 1237 3
7 53 3
2304 25344 3
25 20466 3
1835 26060 3
7 2366 3
1835 26102 3
7 39 3
1962 26103 3
1962 20437 3
9 20466 3
2304 2414 3
1962 2335 3
26078 26103 2
25 2304 2
2335 26102 2
39 25202 2
1835 26103 2
26060 26078 2
26060 26103 2
1835 1962 2
2304 23230 2
2304 20465 2
39 20436 2
53 1962 2
20437 26078 2
25 1835 2
1962 2337 2
2360 26102 2
39 20433 2
7 25344 2
9 2335 2
1962 26060 2
2360 20466 2
2304 20433 1
60 2304 1
60 26060 1
32 53 1
20466 21722 1
1988 20433 1
25 1962 1
25 2337 1
20437 23231 1
1835 2304 1
7 2414 1
2366 20465 1
1835 20466 1
25 26103 1
60 26102 1
26102 26103 1
1246 2304 1
2335 2360 1
2335 20433 1
1247 1962 1
39 26102 1
20433 20436 1
1835 26078 1
1988 2335 1
20437 21722 1
20433 20437 1
1234 2304 1
20437 20465 1
25 20465 1
32 1246 1
25 25202 1
1234 21722 1
1234 26102 1
2335 25344 1
25 53 1
21722 26103 1
39 26078 1
1244 1835 1
2366 20437 1
20436 26102 1
1962 2366 1
2304 20437 1
39 1237 1
60 20466 1
1988 2304 1
2366 20466 1
2335 20466 1
53 26060 1
1988 20466 1
2335 2366 1
7 1234 1
25 26102 1
25 1244 1
1962 21722 1
32 20466 1
9 25344 1
20433 26060 1
53 20466 1
26060 26102 1
26078 26102 1
1247 20437 1
1237 20465 1
20466 25202 1
20465 26102 1
20465 26078 1
1237 1962 1
2366 21722 1
53 1835 1
2335 2337 1
