1980 20466 44
1980 1988 42
1980 20465 24
7 1980 22
1980 20433 21
1962 1980 18
1835 1980 16
1980 2304 16
1988 26060 13
1980 26060 12
2304 20436 12
39 1980 12
39 1988 11
1988 23230 10
1980 2366 10
1980 23230 9
46 20433 9
46 1980 8
7 23230 7
1835 2335 6
7 1988 5
7 26060 5
7 20433 5
20433 26060 5
20465 26049 5
1980 20436 5
39 20436 5
23230 26060 5
20466 23230 4
7 1835 4
7 2366 4
2366 20436 4
2360 20465 4
1835 26049 4
1980 20437 4
1988 2366 4
1980 26049 4
2304 23230 4
9 1980 4
2335 20433 3
1988 20433 3
7 20465 3
1835 2366 3
20433 20436 3
1236 1980 3
1980 21722 3
9 20433 3
7 20436 3
1980 2335 3
1962 1988 3
1835 20433 3
2366 26060 3
39 1962 2
25 1980 2
1835 20465 2
1980 26078 2
26060 26120 2
1980 2360 2
9 1835 2
1980 27541 2
2366 20433 2
46 1835 2
25 46 2
39 20437 2
1988 20466 2
20436 23230 2
1835 23230 2
7 2360 2
7 20466 2
20465 20466 2
1988 20436 2
39 20466 2
20433 23230 2
26060 27540 1
1980 2417 1
9 20436 1
2304 20466 1
20436 20465 1
20465 26060 1
1988 21722 1
46 26120 1
2335 20437 1
39 2335 1
23230 25547 1
20433 26078 1
1236 20465 1
1988 20465 1
46 1988 1
1242 1988 1
2335 2360 1
1241 1980 1
2335 2417 1
9 23189 1
7 20437 1
1243 21722 1
2360 26049 1
7 2304 1
46 26060 1
26060 26078 1
26060 26251 1
23189 26078 1
46 1241 1
7 46 1
1243 20433 1
20433 26103 1
1980 26123 1
20433 26092 1
46 2360 1
46 20465 1
53 26078 1
1988 20437 1
1988 26078 1
20433 20465 1
9 20465 1
2335 20436 1
2360 20433 1
1835 2304 1
2335 2366 1
2360 20436 1
2335 21722 1
53 20433 1
46 26049 1
26120 26123 1
46 20436 1
1236 1988 1
1835 20436 1
39 1242 1
26092 26123 1
20436 26049 1
20437 20465 1
39 26078 1
1962 20466 1
21 27541 1
39 2366 1
23230 26049 1
9 2335 1
1835 20437 1
26078 26103 1
25 26049 1
9 23230 1
20436 20437 1
25637 26078 1
26123 26251 1
7 26049 1
21 27540 1
2360 2366 1
1980 25637 1
39 1236 1
39 2304 1
2366 25547 1
25 1835 1
