7 23230 4988
7 1835 4379
1962 23230 4373
9 1835 3586
1835 23230 3539
20466 23230 3414
7 1962 3161
23230 26102 2993
1835 1962 2711
9 23230 2692
1835 25344 2174
7 20466 2107
23230 26060 2084
9 1962 1906
1962 26060 1858
2304 23230 1828
7 26102 1827
1835 20466 1812
1835 26102 1737
7 2304 1732
1962 2304 1487
1835 2304 1444
7 26060 1443
23230 26078 1425
26060 26102 1425
20465 20466 1387
1962 26102 1374
7 1988 1179
1835 2366 1162
9 20466 1148
9 26102 1081
1962 26078 1045
2334 20436 1039
20465 23230 1029
39 1835 1026
2304 26060 989
39 23230 964
1835 20465 948
20466 26060 940
7 18 935
9 1988 920
39 1962 901
1835 26078 898
2304 26102 897
1835 1988 897
1835 2335 893
1835 26060 869
2304 2366 866
2304 20466 853
7 26078 850
26063 26066 828
26078 26102 827
32 1988 801
9 26060 763
18 23230 760
1962 1988 741
26060 26078 726
7 20465 721
2335 28688 689
9 2304 685
1988 23230 674
7 25 666
32 1835 646
7 2335 628
9 39 623
1835 20433 596
20466 26078 568
7 25344 560
18 1835 558
20465 26060 553
25 23230 521
9 26078 517
2304 25611 517
2304 2417 500
9 20465 498
7 60 495
2360 25344 488
23230 25344 488
7 20433 477
2335 23230 476
1988 26102 474
2304 2335 463
26061 26067 462
39 20466 455
7 2366 449
20433 23230 435
18 1962 433
7 46 433
39 2304 426
25344 26060 423
20437 26103 422
1988 20466 421
2304 26078 420
1835 20437 420
1962 25344 411
1962 20466 395
2304 20465 394
7 32 392
25 1962 390
25 1835 389
2304 2360 387
39 26102 383
1962 2335 380
1988 25344 379
1835 2360 375
18 20466 373
7 53 364
23230 26129 359
7 2360 334
1988 2304 319
7 9 314
39 26060 308
2335 2360 307
1962 20433 295
60 1835 290
1962 26129 281
9 4039 280
1988 26078 278
1835 25611 270
1988 20465 267
18 26102 265
1835 20436 263
25344 26102 262
20465 26078 261
2335 26060 261
18 2304 259
23230 26103 256
234 1798 255
2304 25612 254
25 20466 253
9 2335 253
1835 26129 253
7 20437 250
1835 26103 249
20466 25344 249
60 23230 245
18 26060 242
1835 25637 239
39 20465 239
2335 25612 238
1962 20465 234
2334 20433 234
2335 2366 230
20433 26102 226
2337 2366 222
53 1835 219
2304 20433 216
2335 26066 215
7 26129 215
7 20436 214
1962 20437 214
2304 25344 213
7 39 212
20437 23230 211
7 2334 210
26060 26129 209
1835 2337 208
29 25344 208
18 1988 206
23230 25611 203
1835 25713 200
20433 26060 199
2366 20437 196
2335 20466 195
2366 23230 193
1835 25717 193
2360 23230 192
28497 28504 192
9 2366 192
25 26060 192
9 20433 191
1988 26060 190
2360 2366 190
26102 26129 190
9 25344 188
7 2337 186
7 26066 186
2335 26102 184
32 1962 184
1962 26103 184
7 26103 182
60 1962 182
20433 20466 182
1988 2335 181
25 26102 180
23230 25608 178
39 26078 178
7 25612 178
32 23230 177
7 25611 174
1962 25608 173
25 2304 172
1835 25612 170
2304 25608 169
1962 2360 165
20465 26102 163
20465 25344 163
53 23230 162
1835 26074 161
2304 20436 155
20466 26129 153
39 2335 151
20466 26102 150
25 1988 149
39 1988 147
26102 26103 146
1835 2334 145
18 20465 145
20437 26060 144
7 25608 143
9 2360 142
2366 25612 142
46 1962 140
18 26078 139
2360 25611 138
46 1835 137
1835 4039 136
2304 20437 136
2337 2360 135
2335 20437 135
1962 2366 134
2366 25611 134
20437 20466 133
2304 26129 132
1962 25611 131
20433 20436 131
9 20437 131
1835 26066 131
1962 25612 131
7 26074 130
1835 25608 130
7 28497 129
23230 25612 127
7 26065 126
7 26075 125
2304 28688 124
1237 23230 124
20437 26102 123
1988 2360 122
2360 26060 121
1988 2366 121
26065 26066 119
2331 2417 119
20433 20465 118
32 26102 116
46 23230 116
2304 2334 116
32 20466 116
32 25344 116
25344 26078 115
20437 26066 113
20433 25344 113
2304 2414 112
1988 20433 112
2360 20436 109
1835 26073 107
39 2366 106
9 26129 106
9 25608 106
20466 25611 106
1835 25641 104
7 26073 104
2304 26103 103
60 26102 102
20465 26103 102
26060 26103 102
2360 20437 102
2337 23230 101
9 26103 101
39 2360 101
2335 20465 101
2360 20466 100
53 1962 98
26078 26129 98
7 26076 97
2335 25913 97
20433 26078 96
25611 26060 96
1835 26075 95
1237 1962 95
1962 2337 95
9 25611 94
1962 20436 94
4039 23230 94
7 28337 94
2335 25611 94
25608 25611 94
2335 20433 93
2366 20436 93
23230 26074 93
2335 26078 93
20466 25612 92
2334 23230 92
1234 23230 92
2360 26102 92
20466 26103 91
20466 25608 90
32 2304 90
39 20433 89
1962 28116 89
1988 26129 89
2335 2414 89
7 28496 89
23230 25713 89
1237 1835 88
2360 20465 88
2417 23230 88
25611 25613 87
1835 28688 87
18 39 86
9 2337 85
25611 25612 85
23230 28023 85
2304 25913 85
20436 23230 84
1835 2417 83
32 20465 82
25608 26060 82
23230 23231 82
2366 26060 82
20465 26068 82
2335 25717 81
23230 25202 81
2366 25615 80
23230 28116 80
1835 25716 80
1962 2334 79
20465 26129 79
7 2417 79
7 25713 78
39 25344 78
1835 25916 78
1988 20437 78
25 26078 77
1962 25713 76
2366 20466 76
2304 28735 76
60 2304 76
28334 28336 76
7 1234 76
2304 2390 76
18 25344 75
2304 25716 75
2331 2335 75
1835 26076 75
2335 25637 75
1835 23231 75
46 2304 74
9 18 74
25608 26078 74
1242 23230 74
23230 26073 73
1962 25202 73
25608 26102 73
2335 20436 73
60 20465 72
25 20465 72
25612 26102 71
1234 1962 71
1241 1962 71
23230 25637 71
32 26060 71
1962 26074 70
7 1237 70
53 2304 70
9 60 70
2335 25344 70
32 26078 70
39 2334 70
7 26104 69
1962 23231 69
18 2360 69
1962 28023 69
26078 26103 69
9 26074 69
7 23231 69
46 26102 68
60 20466 68
1988 26073 68
1962 25547 68
23230 26104 68
60 26078 68
2304 25717 68
1962 2417 68
1962 25916 67
1244 23230 67
25612 26060 67
1962 4039 67
1835 26104 66
7 25202 66
2335 2337 65
1835 2414 65
23230 25916 65
9 20436 65
9 25612 65
1835 26069 65
20437 26078 64
23230 25547 64
9 1237 64
1988 26103 64
2360 25612 63
53 20466 63
1988 2337 62
1835 26067 62
2304 28691 62
2335 2417 61
25 39 61
2366 25608 60
1962 25913 60
2335 25608 60
28693 28694 60
2335 28692 60
23231 26102 60
1962 26062 59
53 26102 59
1835 25547 58
20465 25608 58
1962 24643 58
9 2334 58
46 20466 58
23231 26060 58
2304 25916 58
1246 1962 58
25611 26102 58
1241 23230 57
1835 1935 57
7 27694 57
23230 26075 57
2360 26078 56
39 20436 56
46 26060 56
1231 23230 56
1235 23230 56
7 4039 56
9 26075 56
25611 25616 56
2304 28692 56
7 25637 55
25 25344 55
9 53 55
23230 27607 55
7 1246 55
1234 26102 55
23230 25913 54
2366 26102 54
32 39 54
20437 20465 54
1835 25202 54
26060 28501 54
1237 26060 54
28336 28343 54
1237 26102 53
2366 20465 53
1962 26073 53
1231 1835 53
1962 26075 53
1234 1835 52
39 20437 52
1239 1835 52
9 26073 52
2417 26060 52
2360 20433 52
1988 20436 52
1237 20466 51
2337 26060 51
20433 20437 51
26102 28023 51
20465 26063 51
25202 25205 51
26073 26075 51
1239 23230 51
1988 26104 51
26060 28688 51
1234 26060 51
7 2387 51
2414 23230 51
1246 1835 50
23230 26061 50
2335 25205 50
2304 25637 50
2366 26078 50
39 25608 50
1231 1962 50
2304 25616 50
23230 26069 50
1241 1835 50
9 25 50
2304 2337 50
1235 1962 50
1246 26060 50
39 2337 50
26102 28116 49
1241 26102 49
2390 25611 49
7 25547 49
1835 24643 49
7 25913 49
1238 23230 49
32 2360 49
2334 26060 49
23230 24643 49
7 234 49
23230 28735 49
1835 26061 49
1835 27694 48
7 2414 48
7 28692 48
53 26060 48
2337 20466 48
7 26063 48
2366 20433 48
4039 26060 48
1835 1937 47
20436 26102 47
60 26060 47
1244 26060 47
2337 26102 46
1835 25640 46
1244 1835 46
26061 26078 46
9 46 46
25713 26102 46
1835 28023 46
23230 26076 46
2360 25716 46
7 2390 46
1244 1962 46
9 32 45
1230 1231 45
7 25717 45
1235 1835 45
1988 25608 45
1233 23230 45
25 2360 45
39 25612 45
23230 28688 45
27 1835 45
7 26092 44
20466 28116 44
46 1988 44
9 1234 44
20436 20466 43
2366 25613 43
1962 28688 43
20465 25612 43
7 24643 43
25608 26066 43
60 1988 43
26102 28735 43
1962 2414 43
20436 20465 43
7 28323 43
1247 23230 43
2304 28711 43
25202 26060 43
1230 23230 42
1242 1835 42
7 24786 42
18 2335 42
2304 25202 42
7 28023 42
26060 28023 42
4039 20466 42
2304 2387 42
1988 26075 42
2334 20466 42
53 1988 42
25344 25608 42
1242 1962 42
1970 25344 42
1962 26076 42
25913 26060 41
2417 25611 41
1246 23230 41
1835 27607 41
2366 25717 41
20466 23231 41
60 2335 41
27 23230 41
25547 26060 41
7 1233 41
20466 25637 41
26074 26102 41
2366 2417 41
1236 1835 41
1234 1238 41
1244 26102 41
9 26104 41
1835 26123 41
1835 28735 41
25344 26103 40
2337 2414 40
1962 26065 40
2366 25716 40
1238 1962 40
1798 26060 40
39 26074 40
23230 24786 40
7 28691 40
1962 24786 40
25 2335 40
26060 28116 40
25344 26129 40
2304 25713 40
2360 25717 40
1236 23230 40
9 25637 40
7 28335 40
2335 25615 40
1231 1232 39
1235 1239 39
7 25916 39
1241 26060 39
9 25713 39
1988 2334 39
2334 2360 39
1988 26074 39
9 28023 39
1231 26060 38
2334 26102 38
1246 20466 38
26060 26092 38
1234 2304 38
2334 2335 38
25611 25615 38
28336 28337 38
7 1231 38
32 2335 38
20466 25547 38
2335 25641 38
39 26129 37
1246 26102 37
20466 28023 37
23189 25611 37
1230 1962 37
7 26068 37
28737 28740 37
1835 25913 37
1835 26068 37
20466 26074 37
26111 26114 37
9 23231 37
234 2356 37
1962 26061 37
27 2304 37
24643 26060 37
28716 28718 37
1234 1235 37
1232 1962 37
7 29 37
26075 26102 37
1235 1236 37
2304 28023 37
2335 26129 37
7 1244 36
26060 28691 36
2360 25640 36
18 20433 36
1236 1239 36
20436 26060 36
7 1241 36
23230 26123 36
25547 26102 36
1988 4039 36
2366 28688 36
24643 26102 36
25713 26060 36
18 2366 35
23189 23230 35
1231 26102 35
9 26076 35
25611 25614 35
1236 1962 35
2366 25616 35
39 26103 34
1962 25717 34
20466 28688 34
2304 23192 34
25640 25645 34
1238 1239 34
9 25547 34
1798 2361 34
1234 20466 34
25344 26074 34
25344 26075 34
20465 25611 34
1232 1835 34
28716 28717 34
1230 1235 34
26060 28692 34
27 2335 34
1230 1234 34
20433 26103 34
1242 26102 34
1970 23230 34
32 20433 34
23230 28161 34
1247 1962 34
24786 25611 34
7 1937 33
39 25611 33
25713 25716 33
1835 28736 33
1835 26251 33
7 2331 33
7 1970 33
1835 2331 33
1988 28023 33
1230 1835 33
1233 1238 33
1988 26076 33
2304 4039 33
25611 26078 33
1962 23189 33
7 27 33
26110 26114 33
1962 27607 33
234 2361 33
2304 25205 33
7 23189 33
9 25202 33
25608 25612 33
7 25716 33
29 23230 33
1962 26104 33
26074 26075 33
7 1232 33
28504 28505 33
2304 28714 33
1962 26252 32
9 25913 32
1230 1236 32
2360 25608 32
7 1236 32
26067 26103 32
1238 1835 32
1231 1235 32
25 2366 32
23230 25881 32
1231 1236 32
1835 2390 32
23230 26252 32
1962 26069 32
2335 28715 32
1238 26060 32
2304 28662 32
7 27607 32
23230 28336 32
46 20465 32
7 28116 32
26061 26103 32
20433 26129 32
7 28735 32
1962 25637 32
1988 25547 32
26073 26076 32
2304 25615 31
26062 26103 31
1237 26078 31
2417 28735 31
234 2354 31
7 1247 31
7 26252 31
27 1962 31
26092 26252 31
26069 26076 31
25202 26102 31
23189 23192 31
27 26060 31
1230 26102 31
1798 28494 31
7 25613 31
2331 2366 31
20466 25916 31
1835 26065 31
7 28504 31
234 1835 31
1233 1239 31
7 1230 31
25612 26078 30
1234 1236 30
18 26129 30
23230 26068 30
2335 26065 30
28334 28335 30
7 26069 30
1237 2304 30
1232 26060 30
4039 26102 30
1241 2304 30
1232 23230 30
2335 25713 30
2335 25202 30
1231 1233 30
1233 1236 30
1835 28692 30
1962 28692 30
25612 25613 30
1237 1988 29
46 25344 29
26092 26120 29
26102 28688 29
2360 28692 29
1241 20466 29
26074 26076 29
1230 26060 29
1232 1236 29
2304 26065 29
26251 26252 29
23230 28691 29
9 2414 29
20437 27694 29
20466 25913 29
7 28688 29
23230 26120 29
2335 26103 29
1232 1233 29
1232 1238 29
1231 1239 29
1231 1234 29
2331 2414 29
234 23230 29
26120 27607 29
20437 25344 29
23230 28497 28
18 25 28
26092 27607 28
9 25716 28
2417 26102 28
1242 26060 28
1234 1239 28
26069 28023 28
25 20433 28
25 25608 28
2335 2390 28
27 2414 28
1233 26060 28
1239 1962 28
2356 2390 28
28694 28696 28
25916 26102 28
2417 20466 28
2335 23189 28
29 1798 28
1835 26092 28
7 28068 28
25344 25547 28
234 2582 28
2414 20466 28
26060 28503 28
1230 1238 28
1233 1962 28
2304 25613 28
7 1239 27
53 2335 27
28688 28691 27
23230 26251 27
53 20465 27
1235 26060 27
1962 26251 27
1962 26063 27
28717 28718 27
25 32 27
1236 1238 27
2304 25547 27
23230 25717 27
18 2337 27
26076 28337 27
1231 1238 27
1962 26092 27
25916 26060 27
7 26061 27
2335 23192 27
26060 27607 27
2335 28711 27
2304 26075 27
2360 26103 27
26073 26074 27
1230 1233 27
1233 1835 26
1835 28691 26
2334 26078 26
7 25615 26
1988 23231 26
1962 2390 26
1244 20466 26
28335 28336 26
23230 28692 26
1239 26102 26
1233 20466 26
26074 26104 26
1232 26102 26
2366 28692 26
1238 26102 26
1235 1238 26
1247 1835 26
2337 20465 26
1798 1835 26
1835 2387 26
26060 26069 26
1937 23230 26
53 25344 26
27 20466 26
1835 28116 26
20433 27694 26
1239 26060 26
25637 26102 25
1232 1239 25
1230 1239 25
1233 1235 25
2334 2366 25
18 25608 25
20466 26073 25
1798 2304 25
26113 26114 25
1242 20466 25
20466 25202 25
26066 26078 25
28718 28719 25
26252 27607 25
26111 26113 25
20466 25713 25
20466 26076 25
7 1242 25
2360 2417 25
1988 25611 25
32 26129 25
20466 26123 25
25913 25916 25
60 25344 25
7 25881 25
1962 28068 25
1835 26252 25
20436 26078 24
7 1235 24
1962 26120 24
7 28336 24
20466 26075 24
20465 24643 24
23230 26092 24
23230 26066 24
20433 25611 24
25612 25616 24
23230 28337 24
7 26123 24
39 25716 24
24786 26060 24
46 2335 24
1247 26060 24
1246 2304 24
234 28432 24
7 1798 24
2360 25613 24
7 28495 23
1962 21722 23
1970 26102 23
1233 26102 23
2304 28116 23
28693 28695 23
7 26251 23
2366 28691 23
2304 24786 23
26251 27607 23
2414 26060 23
2335 24786 23
234 2329 23
28694 28695 23
7 1238 23
2366 25614 23
28495 28496 23
2304 26074 23
28692 28694 23
21722 25611 23
20465 28023 23
27 26102 23
26110 26113 23
28669 28670 23
2304 28693 23
9 26069 23
26069 26074 23
25913 26102 23
234 26060 23
26075 26076 23
7 26120 23
1244 2304 23
26060 26252 23
20436 20437 23
1988 28691 22
46 26078 22
26092 26251 22
1835 24786 22
9 1231 22
25608 25613 22
2331 2337 22
7 25616 22
28738 28740 22
7 2403 22
1962 28336 22
20465 25713 22
20466 26104 22
39 27694 22
20466 26252 22
26065 26078 22
9 28116 22
24643 25344 22
9 234 22
32 26103 22
20465 26092 22
20465 26074 22
25 26129 22
2414 2417 22
1962 1970 22
25344 26073 22
26060 26123 22
26075 26078 21
9 1244 21
1234 26078 21
23230 26063 21
1962 28732 21
20436 25611 21
2335 25616 21
1988 28116 21
25637 26060 21
26078 28023 21
26078 28116 21
1235 26102 21
1835 26064 21
26069 26102 21
2366 25344 21
1236 26102 21
2334 2390 21
18 32 21
1232 1234 21
26060 26120 21
39 1237 21
39 25202 21
32 20437 21
1238 20466 21
1962 28497 21
2304 25614 21
7 28339 21
18 26103 21
234 28590 21
23189 26060 21
28023 28116 21
23230 28339 21
1835 1941 20
9 27694 20
29 26060 20
26073 26102 20
26076 26102 20
2366 28645 20
9 1241 20
9 1247 20
1237 20433 20
1235 20466 20
2335 28736 20
7 25766 20
1234 1988 20
2304 28715 20
2387 2404 20
9 2387 20
4039 20465 20
25716 25717 20
234 1988 20
2414 26102 20
18 26075 20
39 23231 20
26092 26123 20
2335 27712 20
1962 28496 20
39 26073 20
39 25713 20
18 20436 20
26075 26103 20
25 26103 20
20437 26129 20
2304 23189 20
60 20433 20
26062 26066 19
1247 26102 19
1835 26120 19
2417 25608 19
9 1233 19
7 21722 19
1835 25616 19
20466 26092 19
23230 28068 19
25612 25615 19
2334 28735 19
2335 25716 19
1937 1962 19
39 4039 19
53 26078 19
1988 25612 19
23230 28715 19
2360 28691 19
1988 26069 19
39 28023 19
53 20433 19
26111 26115 19
1236 20466 19
2304 26076 19
28334 28337 19
39 2417 19
1835 21722 19
20436 25344 19
2334 2387 19
46 20433 19
2335 2387 19
26060 26076 19
1241 26078 19
234 1962 19
25202 26078 19
23230 25716 19
27 2417 19
2304 25641 19
1230 2304 19
1941 1962 19
9 1246 18
2337 28735 18
1230 1232 18
39 25916 18
7 2361 18
20433 25202 18
28494 28496 18
1235 2304 18
1231 20466 18
9 26092 18
1246 25916 18
2387 26060 18
9 1238 18
1988 25913 18
28336 28345 18
1835 27716 18
1234 20465 18
1835 25613 18
9 1937 18
2417 20465 18
1962 2387 18
1988 25916 18
28330 28382 18
1230 20466 18
2366 28735 18
2337 26078 18
25344 25611 18
26123 26251 18
29 26102 18
24786 25766 18
1238 1988 18
2334 2417 18
9 2417 18
2304 27694 18
1988 2414 18
2331 23230 18
2366 25641 18
1970 1988 18
26112 26114 18
26120 26123 18
20465 23231 18
1988 26092 18
9 25916 18
1239 20465 18
1835 28732 18
2335 21722 18
23230 28711 17
1002 1835 17
18 2334 17
1798 2414 17
25716 26060 17
1798 2354 17
1235 26078 17
26060 26074 17
1988 25717 17
20465 26104 17
1241 20465 17
1962 2331 17
1244 20465 17
53 2366 17
28693 28696 17
20433 25641 17
2304 26066 17
25611 26129 17
25641 26102 17
20465 24786 17
2390 23230 17
9 1230 17
2390 25616 17
2366 26103 17
1835 23189 17
2354 26060 17
9 2331 17
1962 25881 17
39 1234 17
1247 26078 17
25344 26076 17
20466 26062 17
1232 20466 17
28691 28696 17
9 27607 17
2390 2404 17
1962 28691 17
26102 26123 17
2360 25616 17
20466 24643 17
2331 2360 17
25615 25616 17
27 1988 17
1962 27694 17
9 24643 17
9 26123 17
2304 28665 17
2304 23231 17
32 60 17
2331 26060 17
2334 25344 17
9 26252 17
25716 26102 17
9 28688 17
1970 26078 17
1798 25202 16
20465 25202 16
2360 25615 16
2417 28334 16
7 23192 16
26103 28483 16
1002 26060 16
29 1988 16
2360 2414 16
1941 23230 16
26060 28665 16
26060 26073 16
2360 28688 16
26102 26251 16
60 25713 16
4039 26078 16
7 2329 16
9 26120 16
2337 20436 16
25614 25615 16
4039 25344 16
26078 26104 16
18 20437 16
2331 2390 16
23230 25766 16
39 46 16
39 2414 16
9 2390 16
26074 26078 16
25344 25713 16
1798 4039 16
26092 28161 16
25344 25612 16
1962 26068 16
39 26104 16
60 2337 16
7 25205 16
24643 26078 16
2335 25614 16
1239 2304 16
25717 26060 16
32 2366 16
2335 28691 16
1798 26075 16
1244 1988 16
9 28346 16
1237 26129 16
39 28691 16
1835 28715 16
20433 25637 16
1231 2304 16
53 2360 16
26073 26078 16
2387 23230 15
25 46 15
1233 20465 15
2304 26104 15
39 26076 15
25717 26102 15
1241 1988 15
1246 25913 15
25613 25616 15
234 20466 15
2337 20433 15
18 46 15
965 2304 15
1247 20466 15
32 25612 15
25344 25637 15
26102 26104 15
1941 26060 15
20465 26076 15
20465 25916 15
1988 25202 15
2366 25640 15
2390 26060 15
1988 27607 15
21722 23230 15
7 28161 15
1835 25766 15
7 25641 15
25611 25881 15
1988 25713 15
18 25612 15
1236 26060 15
25614 25616 15
20436 26129 15
2304 24643 15
1230 20465 15
20465 28116 15
2414 20465 15
23230 25641 15
2335 28693 15
26078 28691 15
9 1242 15
2414 25344 15
2304 25640 15
26060 26075 15
9 28691 15
20466 25717 15
20466 27607 15
9 26251 15
2365 23230 15
25613 25614 15
1988 28497 15
9 28692 15
1798 20466 15
25613 25615 15
7 28714 15
25608 25615 15
26120 26251 15
26060 26251 14
25 25611 14
1988 25637 14
23189 26102 14
2335 28740 14
2360 25641 14
2335 25881 14
20466 24786 14
20466 26069 14
1962 28337 14
28738 28739 14
2417 26078 14
25608 25616 14
20466 26065 14
1988 26120 14
2304 28337 14
1246 2335 14
1235 20465 14
25 20437 14
1941 26102 14
32 25608 14
1962 25613 14
23230 28400 14
1835 25205 14
1246 25344 14
25202 25881 14
1962 25716 14
1231 1988 14
39 1247 14
60 2366 14
234 26102 14
60 26129 14
26076 26078 14
7 2354 14
1962 28495 14
2366 25721 14
26068 26103 14
1235 1988 14
60 2360 14
1835 2365 14
2304 26092 14
7 27716 14
39 26069 14
9 21722 14
9 1970 14
7 25614 14
25612 25614 14
2366 2390 14
25 26075 14
46 20436 14
24786 26102 14
234 2304 14
39 28711 14
23192 25611 14
1798 2329 14
1002 1962 14
2304 26073 14
1233 1234 14
25547 26078 14
1988 28495 13
20466 25716 13
25 25612 13
2304 25881 13
28334 28341 13
9 25613 13
1935 2304 13
27 20465 13
2334 25608 13
20466 26120 13
4039 20433 13
1798 26074 13
2337 25344 13
28711 28714 13
7 1950 13
25608 26129 13
2360 25713 13
2304 28644 13
1835 23192 13
18 1237 13
2360 2390 13
7 28665 13
1235 25608 13
25611 26103 13
7 28494 13
26103 26129 13
25344 28688 13
1835 28337 13
2354 23230 13
2335 27694 13
26078 28499 13
2304 28732 13
1962 28714 13
1233 20433 13
2331 20466 13
2304 27607 13
26110 26112 13
1962 26123 13
9 27 13
28716 28719 13
1236 20465 13
7 28645 13
1232 1988 13
1244 26078 13
28717 28719 13
2304 25618 13
1962 25616 13
20465 25913 13
20465 26073 13
23230 25616 13
9 25615 13
26092 26102 13
9 1236 13
20466 21722 13
18 4039 13
46 2334 13
18 26074 13
28692 28695 13
2337 2417 13
9 24786 13
1238 2304 13
2337 2361 13
2360 28645 13
24786 25202 13
1234 2335 13
26123 26252 13
26076 27607 13
25344 26065 13
26102 26120 13
9 1232 13
23230 28335 13
20433 25881 13
25916 26078 13
28334 28343 13
23230 27694 13
53 25608 13
1231 26078 13
25202 25611 13
1798 1988 13
2390 26102 12
7 27714 12
32 26074 12
1246 20465 12
26078 28334 12
1970 2304 12
1835 28504 12
53 20437 12
20466 25641 12
1988 26123 12
26120 28161 12
26123 27607 12
25608 25614 12
9 25717 12
2354 2361 12
26078 27607 12
1798 27714 12
1962 2354 12
26060 28495 12
46 26103 12
2390 20436 12
1233 2304 12
1937 1988 12
2335 25613 12
2304 21722 12
1237 20465 12
1988 2331 12
23192 23230 12
39 60 12
32 2337 12
1937 2335 12
1988 2390 12
4039 26068 12
7 28711 12
21722 25612 12
28735 28737 12
2304 26120 12
1236 2304 12
26102 27607 12
26102 28691 12
39 25717 12
28336 28341 12
46 2366 12
7 28512 12
1988 2417 12
9 26061 12
1234 20433 12
26060 28735 12
1798 2360 12
28341 28343 12
9 1935 12
25881 26060 12
20465 26075 12
2366 28714 12
18 25637 12
1988 25716 12
46 2360 12
25 2337 12
26073 26104 12
27 39 12
7 28499 12
1988 24643 12
1988 26252 12
25611 25766 12
20436 20440 12
20433 23192 12
2390 25612 12
20465 28499 12
25881 26102 12
2304 2354 12
1242 20465 12
20466 26061 11
25 26074 11
1242 2304 11
2390 25615 11
1835 28718 11
2366 28693 11
2334 20465 11
25344 26067 11
1937 2304 11
1962 25766 11
1239 1988 11
46 26073 11
18 26076 11
27 26078 11
1835 28330 11
20466 28336 11
26102 28692 11
26075 26104 11
39 25547 11
2387 2390 11
24786 25205 11
28482 28483 11
28641 28644 11
2304 27714 11
2304 2361 11
2334 2404 11
1835 28714 11
26102 26252 11
26078 28692 11
32 4039 11
20466 28691 11
39 28692 11
2335 24643 11
46 25611 11
2337 26103 11
2329 23230 11
2335 28666 11
2331 26102 11
1002 23230 11
2366 28715 11
1935 23230 11
2404 20433 11
20466 28735 11
20465 25637 11
1234 25344 11
2334 2337 11
2334 25611 11
4039 28323 11
25913 26078 11
1962 2361 11
9 2329 11
2304 2331 11
26078 28688 11
29 1962 11
2337 25713 11
25637 25640 11
26076 26252 11
234 2335 11
2360 26129 11
1988 24786 11
1242 26078 11
1246 1988 11
1230 20433 11
2366 25713 11
46 20437 11
25766 26060 11
23230 25618 11
1935 1988 11
39 1242 11
20433 25713 11
1970 26060 11
26060 28339 11
29 20466 11
1002 26102 11
1970 20466 11
25611 25637 11
23230 25613 11
23230 28418 11
26074 26123 11
26129 28023 11
20433 25608 11
25 25637 11
26078 26123 11
1239 20466 11
7 28736 11
39 1241 11
2304 28334 11
26078 28711 11
1941 20465 11
2304 26067 11
2304 28641 11
1230 26078 11
20433 28735 10
1232 1235 10
20465 28665 10
2335 28694 10
1962 25641 10
25547 26129 10
28737 28739 10
1236 1988 10
1962 25615 10
2329 28714 10
9 1235 10
20466 23189 10
23189 25766 10
4039 26129 10
2414 26078 10
23230 28499 10
2304 26251 10
39 23189 10
18 60 10
20465 26252 10
2304 2329 10
1231 20465 10
9 28334 10
2404 20436 10
2414 25612 10
23231 26078 10
25202 25766 10
26102 28714 10
1247 2304 10
25713 26078 10
7 28037 10
20437 25608 10
9 1239 10
20465 27607 10
25637 25766 10
9 25766 10
20465 27694 10
32 26076 10
1962 28499 10
28641 28645 10
26060 28736 10
1247 1988 10
20465 25641 10
2304 26123 10
28320 28355 10
26066 26067 10
25344 28334 10
2304 2403 10
1835 28711 10
7 25618 10
26251 28161 10
20438 20440 10
28345 28346 10
7 28715 10
20433 23231 10
29 24643 10
20436 27694 10
1774 1950 10
28691 28692 10
46 28496 10
2329 26060 10
1238 26078 10
2414 20436 10
18 26073 10
2335 2361 10
2334 8619 10
2366 28716 10
2304 28645 10
7 28490 10
1988 28501 10
1970 26075 10
9 23189 10
28495 28497 10
2390 20466 10
2335 2363 10
9 28337 10
20465 26069 10
26069 26075 10
25640 25643 10
2335 28023 10
1232 2304 10
1246 26078 10
20465 25613 10
25344 25913 10
1935 2335 10
1962 26066 10
2360 28694 10
26110 26111 10
39 25913 10
7 26109 10
26075 26123 10
1798 26078 10
2366 26065 10
1232 26078 10
25614 26060 10
23230 25205 10
26074 27607 10
7 2356 10
18 26104 9
2354 26102 9
32 1002 9
28732 28735 9
20433 24786 9
2304 26069 9
32 25637 9
2366 28736 9
1988 25615 9
53 26129 9
2366 25637 9
25 53 9
1941 26078 9
26066 26069 9
25 1237 9
1962 25205 9
39 24643 9
20466 26068 9
2337 20437 9
965 23230 9
26102 28068 9
1988 28692 9
2361 23230 9
1237 2335 9
2337 26129 9
1235 2360 9
2390 28714 9
2390 25613 9
28337 28339 9
2417 20433 9
1962 26067 9
2417 23192 9
32 25713 9
20465 26120 9
26102 28336 9
39 1970 9
2337 25608 9
1835 1970 9
39 1937 9
23230 28736 9
2360 28736 9
26252 28023 9
1234 20437 9
25 60 9
26102 28161 9
1988 25641 9
2335 2354 9
1835 2361 9
2335 26067 9
9 28339 9
2335 28737 9
20436 25205 9
20433 26074 9
39 26075 9
1962 28735 9
25640 25641 9
2414 24786 9
26060 28499 9
2334 8620 9
25344 26069 9
2365 26060 9
2335 26074 9
1237 20437 9
29 1835 9
1962 28161 9
2582 23230 9
28667 28668 9
2336 25916 9
26060 27694 9
29 25547 9
965 25611 9
9 29 9
20433 25612 9
2360 28735 9
28494 28495 9
53 2334 9
26069 26078 9
29 26078 9
25717 26078 9
23230 25640 9
965 2335 9
9 28161 9
20465 28688 9
25344 28068 9
2417 25612 9
965 1988 9
2335 23231 9
28325 28327 9
1231 20433 9
2304 28696 9
7 25640 9
28335 28337 9
9 28494 9
25 4039 9
20465 25547 9
1835 28068 9
18 25611 9
39 28336 9
25713 25717 9
26075 26252 9
28320 28335 9
26112 26113 9
2366 2414 9
1798 20433 9
2335 25618 9
26073 26103 9
1235 2335 9
32 28023 9
18 28497 9
25 20436 9
2387 25344 9
39 1235 9
20433 28023 9
7 28330 9
2335 28644 9
7 28693 9
53 28688 9
20465 26123 9
2387 2552 9
60 28336 9
1798 1962 8
25608 26103 8
18 26120 8
1238 2335 8
1962 2329 8
2334 26129 8
60 26074 8
21722 26102 8
9 2354 8
9 28504 8
25766 26102 8
18 25716 8
26074 28068 8
20466 27694 8
1774 2034 8
39 25637 8
53 20436 8
2335 28735 8
2335 20439 8
39 1244 8
234 2331 8
9 28323 8
25 26104 8
2417 25615 8
23189 25202 8
2366 26129 8
1835 28336 8
1835 2403 8
2356 26102 8
46 25612 8
20433 25205 8
2304 28336 8
26061 28688 8
20433 26069 8
1962 28501 8
25344 25916 8
26073 26129 8
234 25611 8
26123 28161 8
32 24643 8
7 27841 8
46 26129 8
25344 26092 8
39 28116 8
26113 26115 8
2354 2390 8
25766 25881 8
25612 26103 8
26092 28334 8
28645 28648 8
7 28644 8
9 25205 8
9 900 8
900 24786 8
900 2304 8
1244 2335 8
2387 20466 8
20433 26123 8
26073 28068 8
1962 28334 8
39 28688 8
39 1231 8
1247 20465 8
2390 28644 8
1962 25926 8
26120 28068 8
25 25717 8
20465 28662 8
7 27712 8
1236 20433 8
20433 25766 8
234 28019 8
46 25608 8
2335 28497 8
1937 26102 8
18 1246 8
2335 25547 8
1835 1950 8
28644 28649 8
26063 26065 8
1233 26078 8
2304 28736 8
7 965 8
26075 26120 8
1237 28116 8
1835 2354 8
23230 25615 8
53 26075 8
39 234 8
26120 28334 8
9 2361 8
32 2417 8
20466 26063 8
1230 26103 8
26078 28735 8
18 25713 8
2387 26102 8
39 26252 8
20466 28665 8
18 25547 8
26060 28711 8
26062 26065 8
1988 28554 8
18 25202 8
25547 26103 8
26060 28715 8
39 28161 8
2360 28693 8
25713 26074 8
2417 20437 8
26078 28161 8
28343 28345 8
25611 25618 8
26078 28496 8
20436 25881 8
18 28336 8
1230 2335 8
2354 25613 8
23230 25614 8
28320 28364 8
23230 28696 8
1988 27714 8
28735 28736 8
900 2034 8
18 26092 8
18 1241 8
2335 28732 8
18 2417 8
26251 28023 8
25202 25608 8
8619 28665 8
1835 28495 8
39 2390 8
25612 25618 8
7 1941 8
21722 25608 8
25 25713 8
2304 28694 8
20437 25611 8
1988 2365 8
26063 26078 8
18 25913 7
28501 28504 7
20465 23189 7
39 2331 7
39 26251 7
2335 28641 7
2360 28665 7
2334 2354 7
2390 20465 7
28715 28716 7
1237 25202 7
39 25614 7
20466 28692 7
2329 2354 7
1709 20466 7
23231 25202 7
1962 25614 7
1238 2417 7
23230 28495 7
2337 28692 7
1962 23192 7
2304 2552 7
25 1244 7
2387 2403 7
25205 25611 7
29 234 7
2304 25662 7
2354 20466 7
18 24786 7
39 1230 7
26102 28495 7
2334 28665 7
28330 28336 7
28496 28499 7
26252 27714 7
2390 25608 7
25205 25766 7
26075 27607 7
1237 24786 7
20466 25881 7
1935 1962 7
25547 28494 7
20465 28692 7
25344 25716 7
25 28688 7
26074 26103 7
23192 25881 7
2361 26102 7
1962 27124 7
9 1798 7
7 27668 7
7 28503 7
2304 28718 7
900 2335 7
9 28336 7
26073 26120 7
9 2365 7
20465 25881 7
7 28320 7
1962 28554 7
25202 26129 7
18 24643 7
1228 1962 7
1232 20465 7
60 27694 7
7 28641 7
32 25547 7
18 1244 7
1242 26129 7
26078 26092 7
25344 26062 7
28490 28495 7
2335 25720 7
2304 28554 7
26120 26252 7
2335 26075 7
26078 28732 7
900 1835 7
25547 28336 7
18 23189 7
26076 26251 7
2334 28718 7
26060 28714 7
2365 20466 7
27607 28161 7
24786 25637 7
20436 24786 7
28691 28695 7
20436 23192 7
26078 28337 7
26078 28714 7
25641 26060 7
7 28334 7
32 23231 7
28330 28381 7
1988 28665 7
32 1244 7
27 26074 7
1236 26078 7
2335 4039 7
1988 28735 7
25344 28336 7
881 1774 7
26069 26073 7
25613 26102 7
27714 27720 7
24786 26129 7
23192 26060 7
1233 1988 7
39 25615 7
20465 21722 7
1237 26103 7
26252 28161 7
2334 26074 7
20433 26251 7
25 28023 7
32 20436 7
20433 23189 7
2366 23193 7
39 1239 7
2304 25766 7
39 21722 7
2337 28688 7
1242 1988 7
1228 23230 7
9 28321 7
9 28665 7
32 53 7
23189 25881 7
28665 28668 7
1950 25611 6
9 25616 6
26092 28068 6
2356 2360 6
25611 25913 6
2335 28494 6
2335 28645 6
1835 28699 6
1239 2335 6
1988 28161 6
2335 28161 6
39 2387 6
20437 26073 6
1988 26251 6
20466 26251 6
2354 28665 6
234 2417 6
1988 27668 6
25344 25640 6
26078 28336 6
2335 28665 6
20433 26076 6
20433 26066 6
26120 28336 6
1243 1962 6
26103 27694 6
1244 20437 6
20437 25612 6
1835 28501 6
60 28496 6
26060 28732 6
1237 25344 6
2366 28695 6
1709 23230 6
20465 28336 6
2354 28641 6
60 28023 6
2304 28161 6
2417 28335 6
1249 23230 6
1988 25616 6
25 1234 6
39 900 6
1935 26102 6
1798 27712 6
25344 25717 6
2365 26078 6
20436 28334 6
1234 24786 6
2403 26102 6
28503 28504 6
2361 28665 6
1919 1962 6
2403 20465 6
2331 20465 6
23189 26078 6
25618 26060 6
24786 25881 6
25 25916 6
1234 2360 6
1835 25881 6
7 20443 6
1237 25611 6
1941 20466 6
2390 20433 6
26076 28334 6
234 2414 6
25613 26060 6
26061 26062 6
2329 23189 6
2335 8619 6
25 2390 6
32 26073 6
1242 25611 6
28365 28366 6
26062 26068 6
23192 25637 6
32 28504 6
2334 25612 6
2304 2404 6
1798 27694 6
2335 28739 6
1239 26078 6
2335 28696 6
28737 28738 6
7 2365 6
1937 26078 6
1798 2331 6
25344 28499 6
1937 20465 6
2335 28743 6
32 2334 6
2329 2335 6
39 28665 6
28691 28693 6
1231 25608 6
32 28497 6
18 26252 6
24643 25547 6
1988 27713 6
7 28732 6
32 26104 6
23230 28662 6
20465 26065 6
25344 26096 6
1241 20433 6
1962 2582 6
2304 26068 6
2360 4039 6
2335 28496 6
20433 25916 6
1970 26074 6
25 1233 6
18 29 6
1246 20433 6
2354 20433 6
1988 2356 6
20433 26073 6
2304 2365 6
1988 28494 6
9 1002 6
69 26060 6
1241 26103 6
1228 20465 6
20465 25766 6
26076 26092 6
1988 28499 6
2360 25614 6
26102 27694 6
1988 28699 6
25611 28023 6
2417 25205 6
20466 25616 6
2304 28737 6
2414 28320 6
1236 26129 6
25 28116 6
1835 28665 6
1243 1835 6
25615 26102 6
2337 25717 6
2329 26102 6
32 1246 6
2334 28714 6
25344 28023 6
2387 25612 6
1244 20433 6
25713 25718 6
25 1238 6
2360 28714 6
23230 28714 6
2414 25611 6
25344 27124 6
26114 26115 6
28483 28486 6
25615 26060 6
60 20437 6
26060 28693 6
25344 26104 6
9 28068 6
1709 1962 6
23231 25344 6
1941 2304 6
26063 26069 6
2361 26060 6
25202 25637 6
26129 28335 6
53 1237 6
7 299 6
2360 26075 6
20437 28116 6
1234 20436 6
900 1988 6
2417 25881 6
25637 25641 6
26074 26092 6
28662 28665 6
2337 25612 6
39 26123 6
18 23231 6
32 1238 6
23189 24786 6
32 46 6
18 28116 6
1241 26129 6
32 25611 6
234 26075 6
9 28736 6
28321 28328 6
28495 28501 6
23230 28494 6
18 53 6
23230 28334 6
1962 2365 6
1937 20466 6
46 2337 6
2335 25621 6
234 26066 6
20466 28696 6
2337 28691 6
26060 28662 6
18 1234 6
39 1941 6
26073 27607 6
2335 2551 6
2304 28743 6
24786 26078 6
39 53 6
28323 28339 6
26103 28116 6
2304 8619 6
20436 25713 6
24786 25608 6
1937 2078 6
1231 2335 6
21722 26066 6
1244 25344 5
25344 28337 5
26109 26113 5
26078 26120 5
1002 20465 5
7 28740 5
53 25611 5
18 28688 5
2417 26129 5
7 27713 5
25881 26078 5
1835 28644 5
1235 1247 5
9 26096 5
234 26067 5
21722 27124 5
2356 23230 5
2335 25766 5
28366 28369 5
20465 25614 5
23230 26065 5
8620 28714 5
1835 28617 5
25640 26060 5
1935 25611 5
20436 25547 5
2335 2356 5
20433 28116 5
20465 26251 5
60 25608 5
1835 28641 5
60 25616 5
26078 26251 5
2366 25916 5
28490 28494 5
23192 24786 5
32 26075 5
1950 2034 5
900 26060 5
2304 26114 5
26060 28334 5
20436 20439 5
23231 26103 5
32 1234 5
25 26073 5
9 25881 5
21722 26060 5
25713 28023 5
9 23192 5
2387 20436 5
2417 28699 5
28023 28334 5
25612 25662 5
1935 20465 5
1235 2417 5
1962 28711 5
28715 28718 5
2366 28644 5
1835 28494 5
26060 28330 5
18 28735 5
20437 25202 5
1798 28497 5
25717 28494 5
26102 28339 5
1002 1988 5
2387 20433 5
2304 28740 5
20465 26066 5
1988 2387 5
1835 25720 5
20437 20441 5
2337 25611 5
965 25205 5
1235 25344 5
1669 2366 5
28487 28488 5
7 2582 5
20465 28337 5
1228 26102 5
28330 28337 5
1835 25615 5
2335 2365 5
1228 25547 5
1988 28339 5
965 20466 5
1235 28496 5
25926 26060 5
20433 26092 5
9 27716 5
26120 26129 5
28715 28729 5
29 26104 5
1988 27124 5
32 26120 5
965 1835 5
25205 25637 5
2329 28641 5
2366 28738 5
1962 28323 5
20466 26109 5
25608 28023 5
1798 23230 5
39 1236 5
18 28023 5
28692 28699 5
28483 28502 5
24786 26103 5
2334 28688 5
32 28116 5
18 1247 5
1247 23231 5
1988 28336 5
1233 2360 5
900 25611 5
1988 25614 5
2335 26076 5
1002 20466 5
1235 26129 5
2337 25641 5
9 28694 5
1935 20466 5
18 21722 5
1234 2417 5
895 26102 5
20433 21722 5
20436 25766 5
234 2360 5
2354 25205 5
25613 25618 5
234 26129 5
25608 25881 5
1919 23230 5
20433 28691 5
26060 26081 5
25202 26074 5
9 895 5
1835 20443 5
7 1935 5
28332 28337 5
26104 26129 5
25 2334 5
32 1237 5
25612 26129 5
25 23231 5
1988 26115 5
1835 27124 5
9 25641 5
25 1241 5
9 28502 5
28325 28326 5
20466 25205 5
39 25641 5
1835 26114 5
20437 26075 5
965 24786 5
28365 28369 5
26060 28337 5
27607 28068 5
39 1246 5
2337 2387 5
2304 28719 5
2414 25608 5
2334 26103 5
1962 2356 5
25637 25881 5
24786 25713 5
1835 2404 5
25 25202 5
2304 28649 5
1798 2366 5
1970 20433 5
26060 28161 5
2404 25612 5
9 28497 5
53 25612 5
4039 26067 5
2366 20440 5
28646 28648 5
25 25716 5
20433 28688 5
1937 26060 5
1937 28688 5
9 2034 5
1962 25618 5
23230 28645 5
26068 26069 5
26076 26129 5
234 25344 5
2387 28714 5
25640 25644 5
2387 20465 5
28330 28380 5
1246 20437 5
21722 25344 5
1233 2335 5
1962 28695 5
7 28668 5
28688 28696 5
25547 26075 5
1988 21722 5
20466 25615 5
18 1238 5
2417 26103 5
1988 28490 5
1962 28494 5
18 1233 5
4039 28497 5
2360 28644 5
2304 26252 5
9 1941 5
1230 1988 5
26110 26115 5
28320 28365 5
2390 8619 5
1232 2360 5
1231 2366 5
9 28735 5
2335 25640 5
1798 26067 5
39 28320 5
1229 1835 5
1988 28662 5
1236 2335 5
7 2034 5
1962 28504 5
20466 25613 5
25 2414 5
25547 25713 5
18 1230 5
32 26092 5
26075 28161 5
25713 26103 5
1962 26064 5
25547 28495 5
2361 2390 5
9 1249 5
1798 26102 5
2337 2390 5
23192 25202 5
1237 25612 5
20437 20439 5
2417 25713 5
962 1988 5
39 28068 5
1242 20433 5
1941 1988 5
2366 28717 5
25644 25645 5
28023 28161 5
26074 26251 5
25344 27694 5
60 25717 5
2304 2333 5
1237 2360 5
39 27607 5
2390 28665 5
25205 26102 5
26076 26123 5
20465 28161 5
28688 28695 5
25618 26102 5
881 26060 5
25344 28714 5
26078 28665 5
39 26092 5
4039 25916 5
23230 28496 5
1835 1919 5
53 28495 5
18 26069 5
25344 25641 5
1237 1244 5
20466 28496 5
60 26065 5
20443 23230 5
2335 2582 5
1988 28696 4
2417 25716 4
28486 28489 4
32 1235 4
53 28023 4
965 26102 4
1835 28499 4
28483 28489 4
26073 26252 4
2360 25916 4
20465 28691 4
7 28700 4
26065 26068 4
26103 26251 4
60 1937 4
2334 2414 4
2335 2552 4
1919 26102 4
881 25202 4
25205 25881 4
2360 28695 4
1229 23230 4
1937 1950 4
28483 28484 4
1242 2366 4
7 28669 4
26109 26114 4
25344 28692 4
26074 26252 4
24643 25608 4
28735 28740 4
2304 28068 4
39 25618 4
7 1774 4
4039 25612 4
2034 2335 4
1246 4039 4
20466 26067 4
1234 25608 4
2417 25916 4
1962 25640 4
28335 28339 4
1234 25611 4
25913 26068 4
25344 26251 4
25717 26063 4
26102 28693 4
27707 27714 4
20465 28334 4
28365 28368 4
26076 26103 4
2363 2387 4
28494 28497 4
2404 26102 4
2582 25608 4
1950 2304 4
1835 28497 4
2334 2551 4
2304 28503 4
39 23192 4
20436 23189 4
26103 26104 4
25547 26092 4
1234 25547 4
1237 28691 4
25344 26066 4
2387 28719 4
1962 28118 4
2331 2334 4
1970 26073 4
7 28666 4
7 28505 4
26103 27607 4
2034 23230 4
26060 28336 4
1244 26103 4
9 28641 4
28334 28339 4
2365 26104 4
1250 1988 4
2304 28602 4
9 2403 4
2387 26078 4
20465 27716 4
9 25661 4
26066 28116 4
25 1235 4
1950 20466 4
2417 25344 4
2304 28496 4
28735 28738 4
1235 20433 4
29 26073 4
1937 2366 4
2336 26060 4
25716 28505 4
1835 28483 4
20436 25202 4
26068 28116 4
2366 28668 4
2387 23189 4
32 28496 4
1249 1835 4
28666 28668 4
1234 26103 4
25202 28116 4
28068 28161 4
1246 26129 4
29 20433 4
20437 28735 4
1835 25645 4
2335 28738 4
26063 26064 4
7 28699 4
20466 28068 4
2335 28695 4
39 1950 4
1962 28645 4
20433 25926 4
28715 28717 4
25716 25719 4
26081 26102 4
1988 28496 4
39 28497 4
2335 25926 4
26252 28337 4
53 26073 4
28501 28503 4
1230 25547 4
25344 26252 4
1970 21722 4
23192 25205 4
28341 28345 4
1230 25344 4
25344 28641 4
28665 28666 4
7 1228 4
26103 26123 4
2304 28739 4
27 25608 4
2335 28699 4
1935 26060 4
20437 28691 4
25614 26102 4
53 25547 4
26060 28483 4
2304 2356 4
1835 28334 4
1798 20465 4
1835 28645 4
28321 28327 4
2387 28735 4
234 25202 4
1231 25344 4
20437 25637 4
2360 27716 4
234 2330 4
39 25616 4
26075 28023 4
46 28714 4
7 28501 4
26061 26064 4
1242 2335 4
23230 27841 4
1835 28662 4
2366 4039 4
1244 26129 4
25 1230 4
28326 28327 4
2304 27713 4
2366 25913 4
25716 26078 4
1970 2289 4
2366 28666 4
1030 1950 4
26102 28499 4
4039 26073 4
7 1002 4
28483 28497 4
1231 26073 4
3428 28651 4
20436 25612 4
2360 28023 4
1835 25723 4
2360 25618 4
26069 26120 4
1249 1962 4
1709 26102 4
39 1232 4
26073 28114 4
1234 2366 4
1241 20437 4
24643 28334 4
1919 26060 4
25344 28161 4
1962 28662 4
7 28418 4
2403 23230 4
25713 25719 4
7 25644 4
1237 25608 4
7 895 4
1950 23230 4
2304 27716 4
4039 26092 4
39 28641 4
9 27841 4
26074 26120 4
29 4039 4
2304 28648 4
25916 26129 4
23231 25613 4
1835 25614 4
26129 28339 4
2360 2363 4
1835 28717 4
28735 28739 4
1988 28337 4
20465 28714 4
2329 28665 4
20465 25618 4
1239 2417 4
25611 25713 4
1988 25613 4
1235 26074 4
2335 26069 4
20466 25926 4
26066 26068 4
1835 26113 4
26123 28688 4
7 900 4
26069 26092 4
26060 28666 4
1243 1988 4
7 25926 4
26073 26251 4
2337 25716 4
1835 27714 4
7 1250 4
32 1236 4
39 26065 4
60 2582 4
26129 28735 4
2335 25884 4
1988 28644 4
26060 26111 4
20465 25716 4
39 2354 4
25 26251 4
1835 20439 4
2363 8619 4
1962 28739 4
1835 28702 4
26129 28116 4
2334 2363 4
1835 27668 4
29 60 4
23230 26139 4
1962 26096 4
1937 21722 4
25716 25720 4
2360 26073 4
20465 28483 4
26074 26129 4
881 23230 4
2335 28714 4
1962 28339 4
23231 26061 4
2366 28646 4
18 2390 4
25641 25716 4
25 28161 4
20433 26104 4
25614 25618 4
20433 25913 4
28116 28161 4
2360 21722 4
46 25716 4
20436 25637 4
20437 25713 4
1962 2403 4
1798 2337 4
39 2582 4
2390 2417 4
26076 28068 4
25344 28495 4
20436 28732 4
2361 25611 4
1002 2304 4
28161 28339 4
28739 28740 4
20437 28336 4
39 27841 4
23230 28694 4
1988 25766 4
7 1919 4
1919 20466 4
2304 28339 4
25913 26103 4
25344 27607 4
1962 25662 4
1988 23189 4
25611 28116 4
27 25344 4
1236 2366 4
28482 28487 4
20433 28496 4
25344 27668 4
1835 2289 4
53 28696 4
60 1235 4
18 2403 4
20433 28334 4
1239 25547 4
1239 20433 4
234 26078 4
20466 28736 4
2354 26129 4
2403 2404 4
24786 28598 4
1246 25611 4
60 28334 4
1835 2582 4
1962 28693 4
53 25202 4
2304 3428 4
1030 26103 4
7 1229 4
2390 25202 4
2360 27694 4
1247 25611 4
1835 2034 4
23230 26081 4
1669 2417 4
28691 28698 4
29 2304 4
26075 28116 4
26078 28068 4
26129 28496 4
2304 2363 4
2329 20436 4
962 25713 4
299 1835 4
1002 26078 4
1237 2337 4
9 28335 4
23230 28345 4
28320 28336 4
1243 23230 4
28075 28076 4
2366 26073 4
1835 25719 4
20465 28735 4
27694 27714 4
1919 2304 4
965 25637 4
1962 2336 4
53 25713 4
25612 26069 4
2360 26069 4
2582 26102 4
26102 26109 4
2334 28668 4
23230 28504 4
46 26120 4
20466 28330 4
53 27694 4
18 26251 4
1247 26103 4
1937 20433 4
53 25717 4
25766 26078 4
25344 26068 4
2331 26078 4
28490 28496 4
1970 26076 4
1236 26068 4
1962 28490 4
2334 28716 4
25637 25713 4
2417 28688 4
23189 26129 4
7 28717 4
60 26103 4
2360 28666 4
1988 2403 4
32 25916 4
25766 26103 4
1241 20436 4
29 28496 4
46 4039 4
25608 25916 4
26252 28334 4
39 2034 4
26060 27716 4
2366 2387 3
25202 25344 3
25 28692 3
20465 28497 3
1230 24786 3
1835 26070 3
26129 28665 3
1935 20433 3
25717 26129 3
60 28161 3
26065 28116 3
1237 1238 3
26102 28662 3
1988 25786 3
1239 23189 3
1231 2334 3
53 26103 3
1238 2387 3
1835 26112 3
1242 25608 3
2361 20466 3
7 28574 3
53 25614 3
23230 25621 3
26102 26112 3
2414 26129 3
26060 28695 3
23230 25645 3
2390 28696 3
1238 25611 3
1937 26073 3
1835 2330 3
1835 28696 3
25 28335 3
25547 26123 3
900 25608 3
1243 20465 3
18 25717 3
24786 25590 3
2337 28716 3
20465 27714 3
1709 1835 3
26078 27124 3
1241 25611 3
32 1232 3
1234 1247 3
1 26060 3
20466 28378 3
4039 28691 3
20433 26075 3
9 28644 3
1233 20436 3
2390 25913 3
2582 20433 3
25611 25662 3
1937 26129 3
1236 25611 3
60 25547 3
2390 25713 3
1244 26066 3
20465 28666 3
1246 25612 3
9 27714 3
28691 28699 3
2337 25637 3
234 4039 3
2417 4039 3
18 28691 3
9 28738 3
23189 25608 3
25202 28023 3
39 24786 3
46 25202 3
26060 28118 3
27 1235 3
39 2329 3
24643 28337 3
26060 28737 3
1232 25344 3
20465 28644 3
60 2334 3
28337 28358 3
9 1709 3
2334 25713 3
1835 25618 3
28497 28503 3
1950 27668 3
20465 28501 3
20465 28068 3
881 1962 3
2304 28699 3
1241 28688 3
26102 28711 3
46 24643 3
28334 28374 3
1243 26102 3
24643 28336 3
25 21722 3
7 2404 3
53 25913 3
1231 23189 3
1237 26076 3
26064 26066 3
2335 26252 3
28483 28487 3
7 28332 3
28715 28719 3
2356 25611 3
26076 26120 3
2304 28497 3
965 23192 3
2304 28727 3
7 26096 3
1941 25612 3
1236 25608 3
2334 28691 3
25608 26067 3
2366 25643 3
25881 26129 3
1236 2360 3
2361 20436 3
25344 28711 3
26060 28378 3
7 26091 3
2329 2390 3
4039 25637 3
27 20437 3
1935 26078 3
1246 24643 3
20437 26123 3
2404 25608 3
1941 26103 3
28023 28222 3
1835 28161 3
20436 27714 3
1962 2404 3
20466 25640 3
1962 25621 3
26102 28696 3
1243 26060 3
20466 27714 3
1231 24786 3
2404 26066 3
7 28358 3
7 28694 3
53 28735 3
18 28665 3
1988 2404 3
53 26069 3
26060 26096 3
26111 26112 3
28494 28590 3
2387 2417 3
2361 2582 3
25608 25637 3
25662 26060 3
965 1962 3
234 28023 3
4039 24643 3
2337 4039 3
26103 28735 3
2366 28649 3
25643 25645 3
4039 25615 3
25344 28590 3
26112 26115 3
26060 27929 3
2390 2423 3
1237 1247 3
60 25913 3
1234 1244 3
25344 28645 3
26075 26251 3
25 1231 3
26065 26069 3
2354 2387 3
20466 25766 3
39 28732 3
7 950 3
26073 26112 3
25637 26073 3
1835 26096 3
2334 20437 3
9 28732 3
1835 25926 3
1242 1941 3
2304 27451 3
60 24643 3
39 26120 3
20465 26064 3
25344 28502 3
1935 25344 3
2360 28696 3
20436 25716 3
2390 28691 3
20466 25662 3
26060 28512 3
2360 26074 3
29 2354 3
1232 20433 3
2417 28740 3
25916 28688 3
1962 28716 3
26069 28714 3
9 25721 3
1238 20437 3
23230 27714 3
60 1230 3
2390 2552 3
25616 26074 3
1942 1991 3
1835 28666 3
26102 28736 3
1233 25202 3
23230 27124 3
2404 26060 3
2334 4039 3
20436 27713 3
25 25881 3
1835 28738 3
20436 26073 3
39 2365 3
2331 25344 3
7 28739 3
25344 28116 3
20436 25608 3
60 4039 3
60 1237 3
7 26064 3
1325 1835 3
1244 25713 3
20437 27716 3
28714 28718 3
1244 25202 3
1835 25721 3
18 26061 3
2387 25613 3
20466 28745 3
1236 20437 3
286 26075 3
2334 2552 3
20466 28334 3
28161 28495 3
26060 27841 3
32 26064 3
53 2337 3
39 1238 3
9 1950 3
25547 26073 3
39 1935 3
26092 28496 3
28327 28334 3
1230 1247 3
2354 25612 3
26062 26069 3
39 28736 3
1231 20436 3
23189 25916 3
2333 2335 3
2304 2513 3
60 28545 3
2335 26068 3
2331 20436 3
1988 25640 3
2335 28745 3
24643 25611 3
25 25766 3
1234 1937 3
20466 28161 3
28332 28334 3
32 25640 3
2366 28023 3
2304 28418 3
25640 26102 3
1247 26075 3
26073 28023 3
1243 20466 3
2387 28691 3
2360 23231 3
965 20433 3
25637 28116 3
1835 28341 3
20437 28692 3
18 26123 3
26065 26067 3
25 1239 3
23230 27668 3
1238 1244 3
26062 26064 3
1241 25344 3
26063 26129 3
1835 25621 3
1244 2360 3
2334 26076 3
965 25713 3
60 23231 3
2582 20465 3
18 28118 3
2365 26103 3
299 23230 3
20466 28341 3
1228 1988 3
1235 2366 3
2360 28662 3
1231 2414 3
1988 26065 3
26060 28644 3
20436 21722 3
18 2361 3
26102 28644 3
25547 28688 3
1242 28732 3
1962 2248 3
26062 26063 3
28688 28692 3
18 26067 3
53 25637 3
20437 24643 3
25913 26129 3
25611 27607 3
53 1242 3
2337 24786 3
46 25713 3
26109 26111 3
7 27800 3
1232 1237 3
7 2333 3
25719 25720 3
1241 25913 3
26102 28732 3
9 28645 3
2333 28714 3
2365 25202 3
28496 28554 3
2390 25637 3
60 1234 3
28320 28339 3
2366 27714 3
26060 28068 3
7 20441 3
2337 26066 3
2335 28336 3
7 2248 3
20465 25640 3
26069 26123 3
2335 26073 3
2354 28644 3
20465 28486 3
26060 28641 3
28023 28068 3
26060 28745 3
20443 26066 3
32 26123 3
1962 28641 3
1230 26129 3
2334 2361 3
234 28497 3
9 1228 3
2366 28719 3
2331 25612 3
1233 2366 3
28484 28486 3
26060 28696 3
25205 26060 3
20466 28644 3
53 27716 3
23356 25344 3
1233 28334 3
25608 28116 3
26069 26129 3
1962 27841 3
2078 27668 3
25716 26129 3
9 965 3
2335 20443 3
18 1002 3
1988 2582 3
39 28714 3
1233 1247 3
1988 25881 3
25613 26103 3
1247 25344 3
28485 28486 3
25 1970 3
60 26073 3
2360 26065 3
1030 2034 3
2333 23230 3
9 1229 3
2335 27716 3
25611 26062 3
28497 28501 3
9 28330 3
2360 25637 3
28484 28485 3
1970 20465 3
234 20465 3
39 25720 3
28714 28719 3
39 881 3
32 2361 3
60 1241 3
20437 26063 3
2331 20433 3
26064 26070 3
1231 25611 3
20466 26064 3
23231 25611 3
1935 1937 3
2034 25611 3
2582 26060 3
2360 28648 3
2335 28649 3
25713 25721 3
28483 28485 3
2356 20466 3
26092 28023 3
9 28696 3
26076 26104 3
1988 26064 3
32 24786 3
1970 25881 3
1241 2334 3
1247 26129 3
881 965 3
2387 28645 3
26102 28334 3
46 1937 3
2366 27720 3
1237 2366 3
2335 28670 3
2335 28337 3
32 2414 3
2365 20433 3
26062 26067 3
1233 25344 3
28330 28353 3
2329 2334 3
20466 28335 3
7 28745 3
53 60 3
4039 25913 3
9 25720 3
1709 20465 3
2360 28741 3
1962 26091 3
25642 25643 3
7 28716 3
46 23231 3
2366 28699 3
1230 2360 3
9 2404 3
1919 2360 3
26060 27124 3
1988 28645 3
25612 26104 3
23230 26067 3
28321 28325 3
2404 23230 3
20466 23356 3
7 27124 3
25637 26129 3
1231 20437 3
32 28692 3
20437 26069 3
2360 2387 3
9 25618 3
1950 27124 3
9 1774 3
20466 25621 3
2304 28717 3
2403 20436 3
2334 25615 3
26104 28336 3
1835 26109 3
2404 25616 3
25884 28641 3
60 28116 3
1950 26102 3
18 28161 3
1238 2360 3
39 28737 3
9 28490 3
2387 25611 3
26060 26114 3
2329 26129 3
7 28696 3
23230 27716 3
28495 28519 3
25344 25615 3
9 28360 3
1242 26063 3
234 2366 3
1988 28672 3
39 28693 3
20437 27607 3
26078 28641 3
4039 25608 3
20437 25547 3
23192 25608 3
25 26092 3
2304 27712 3
7 4023 3
2329 26078 3
20466 25114 3
20437 23231 3
28695 28696 3
28486 28487 3
2304 26061 3
60 1244 3
1237 20436 3
7 1898 3
60 26076 3
1228 2360 3
1988 25205 3
53 1230 3
1 7 3
25637 26078 3
234 24643 3
895 1988 3
2417 28743 3
1242 1244 3
1962 28528 3
1249 20465 3
1234 26129 3
60 25611 3
1231 26252 3
2404 25344 3
1232 26073 3
1238 25913 3
25344 28691 3
39 26114 3
27 26129 3
1228 1835 3
25913 28116 3
18 27 3
25641 26078 3
46 1234 3
1230 25202 3
32 28330 3
20433 25642 3
60 25202 3
25547 28345 3
23230 26109 3
1232 2334 3
39 28512 3
2304 26110 3
2304 28672 3
26252 28068 3
1835 27800 3
2426 24789 3
2365 26102 3
2304 28320 3
26123 28691 3
23230 28644 3
4039 26103 3
1238 20433 3
39 2404 3
2365 28691 3
2356 26060 3
26129 28499 3
1835 27720 3
39 25205 3
900 1774 3
21722 28341 3
26064 26065 3
26078 28745 3
1835 20438 3
2304 28328 3
1246 20436 3
39 28335 3
1231 2360 3
26069 26252 3
32 1233 3
9 24789 3
26075 28068 3
2356 2387 3
1962 27668 3
25547 28337 3
46 28023 3
2304 27668 3
20433 28336 3
1835 2356 3
1237 26062 3
46 1241 3
23192 26102 3
20437 26076 3
39 28495 3
18 25916 3
39 28496 3
2335 27607 3
1237 26068 3
26109 26115 3
1228 20466 3
1250 23230 3
26064 26069 3
20465 28693 3
26078 28118 3
25 2417 3
2315 25344 2
18 1709 2
1237 2331 2
23230 28505 2
2334 26066 2
26064 28068 2
1835 20441 2
26102 28080 2
39 26112 2
26092 28194 2
2366 28383 2
1239 2360 2
2356 28665 2
25202 26073 2
1835 2329 2
900 23189 2
1950 20436 2
25926 26103 2
26078 28738 2
1774 1962 2
1230 1237 2
1237 2403 2
2334 24786 2
25 2356 2
28116 28554 2
2304 28647 2
25913 26076 2
53 26076 2
20433 26063 2
2366 20439 2
26102 28496 2
27 28481 2
18 28641 2
2403 26075 2
1235 28483 2
18 28339 2
2387 28716 2
2334 28692 2
7 25719 2
28320 28366 2
46 25614 2
26073 26123 2
8620 28644 2
25913 28714 2
1244 28320 2
1669 2304 2
18 299 2
2390 25786 2
25766 25916 2
20437 26067 2
1244 28665 2
1709 1988 2
2331 25916 2
39 28695 2
25616 26060 2
28337 28346 2
2304 28495 2
2414 28035 2
60 20436 2
60 25612 2
25 2387 2
1238 28711 2
32 28495 2
1030 23230 2
1962 28702 2
26073 28067 2
28692 28693 2
25611 28617 2
60 28692 2
4039 28688 2
1835 25884 2
2390 23189 2
28 26065 2
28339 28400 2
25716 28334 2
20466 27124 2
28644 28666 2
24643 25713 2
25 2365 2
28711 28715 2
20433 26252 2
20466 28554 2
895 2304 2
26103 28496 2
24643 28737 2
1835 2552 2
2304 28716 2
2366 28116 2
1962 2426 2
2390 26078 2
2304 2551 2
2403 26073 2
1235 26062 2
1970 26104 2
1233 26076 2
20433 24789 2
2304 25540 2
39 1798 2
2417 2423 2
26061 26065 2
1835 28502 2
1835 28590 2
1942 20436 2
2366 28696 2
1950 2078 2
28645 28646 2
26078 27714 2
26102 28335 2
1988 26109 2
1941 25608 2
25608 26104 2
25916 28118 2
2361 26065 2
26062 26251 2
2315 26102 2
18 1935 2
53 1232 2
39 24789 2
27 25547 2
25720 25721 2
2417 24643 2
20466 28499 2
2331 2387 2
23230 26111 2
1247 26062 2
24643 25637 2
26103 28715 2
26065 28118 2
1935 28732 2
23230 28330 2
2331 28691 2
26102 28681 2
4039 25205 2
27 32 2
20465 26081 2
60 28711 2
234 2387 2
26092 26129 2
46 26074 2
23230 28113 2
53 24786 2
2365 20465 2
39 27716 2
1247 28334 2
1935 26075 2
25 28715 2
1237 28688 2
25 25614 2
26078 28736 2
234 2334 2
28330 28397 2
25608 26069 2
895 20465 2
1242 26065 2
26129 26252 2
1239 25611 2
1988 27720 2
1228 25608 2
950 23230 2
1231 26092 2
26078 28602 2
26123 26129 2
60 2414 2
1244 28739 2
2387 28699 2
1233 26068 2
25547 28334 2
1238 26066 2
2414 25716 2
2335 25721 2
2363 26060 2
2426 26060 2
965 26060 2
26060 27714 2
25344 26063 2
32 234 2
28484 28490 2
7 25621 2
1237 28711 2
2404 26078 2
26063 26075 2
4039 23189 2
1 9 2
46 28711 2
2387 28717 2
29 2361 2
1941 25916 2
53 28336 2
32 2354 2
28335 28357 2
2366 27694 2
2366 2404 2
1234 26066 2
881 1228 2
60 26104 2
29 39 2
9 28400 2
24786 26075 2
26129 28485 2
28339 28346 2
25881 28116 2
2360 28719 2
25611 26067 2
2390 28694 2
20466 28323 2
1239 26129 2
7 27929 2
1238 1709 2
965 23189 2
1231 26103 2
32 28691 2
23192 28035 2
25205 27694 2
18 1231 2
29 26066 2
1835 28482 2
29 26074 2
26102 28641 2
2552 28665 2
1835 28695 2
26069 27694 2
25 28068 2
20433 27716 2
20439 23230 2
1239 26073 2
32 28482 2
2403 25202 2
900 23230 2
1234 25913 2
25884 26060 2
20465 28715 2
24643 28023 2
7 2078 2
2304 27720 2
1950 28116 2
39 28718 2
2332 25640 2
46 1230 2
24789 26060 2
1835 26081 2
25716 28497 2
28321 28339 2
39 1325 2
2414 28602 2
1244 26065 2
46 2404 2
29 2329 2
25608 25913 2
1962 28335 2
1835 28694 2
20433 26120 2
1244 28502 2
2390 2582 2
2304 28505 2
2360 26252 2
26092 28554 2
25713 26129 2
9 28714 2
2414 20437 2
895 20466 2
1242 28116 2
23189 23231 2
1002 20433 2
24643 25916 2
9 26068 2
1840 2304 2
20437 26065 2
234 1234 2
2417 27929 2
1244 25608 2
2360 27607 2
2337 25547 2
9 26064 2
23230 28185 2
2363 28695 2
23189 26103 2
20466 28397 2
26065 26075 2
9 26066 2
28665 28672 2
1962 28345 2
1229 20466 2
1241 26068 2
27712 27714 2
26066 26103 2
1228 25344 2
895 26078 2
1236 25641 2
2417 24786 2
25608 25884 2
1238 25608 2
1238 26065 2
1835 28329 2
1988 26062 2
26067 26252 2
1950 20433 2
9 28418 2
1234 1246 2
23192 25766 2
28321 28378 2
1835 27713 2
1247 4039 2
2403 23192 2
26064 26068 2
2390 28715 2
2335 28617 2
26060 26139 2
1232 25547 2
25716 25721 2
46 28739 2
25608 27607 2
29 26251 2
1962 26081 2
2360 28646 2
2334 28641 2
1231 26067 2
2335 25661 2
2582 26129 2
1988 28334 2
25344 26061 2
23230 28702 2
25640 25642 2
1246 2034 2
1950 1970 2
20433 25717 2
23231 26129 2
25881 28023 2
1242 28023 2
1040 1835 2
1249 20433 2
2356 24786 2
27 2354 2
26078 28497 2
1030 1228 2
1232 28334 2
1246 26109 2
1970 2360 2
25344 28695 2
2360 28715 2
1234 2387 2
2360 2365 2
1835 28740 2
26069 28449 2
32 25913 2
2354 20465 2
23231 25608 2
950 1962 2
1233 25916 2
26063 28068 2
1988 28512 2
2417 25913 2
53 26252 2
299 26060 2
1774 25202 2
60 1242 2
20437 28665 2
1962 28726 2
26060 26115 2
60 1950 2
2414 20433 2
23189 25205 2
1709 2360 2
1835 28648 2
28321 28323 2
1237 26066 2
28357 28358 2
2403 25344 2
2426 26102 2
2414 28662 2
26073 28094 2
2304 28494 2
1239 1244 2
23230 25723 2
2304 28346 2
900 965 2
2366 20441 2
2304 25645 2
25547 26120 2
27714 27858 2
881 20466 2
1962 20443 2
7 1769 2
1232 26061 2
2366 28718 2
9 25614 2
1247 2354 2
1835 27841 2
1 2304 2
28608 28735 2
950 20466 2
962 1962 2
28483 28496 2
28330 28384 2
4039 20436 2
1835 28737 2
26060 28740 2
26103 28494 2
2360 26076 2
1937 4039 2
8620 28693 2
1988 28330 2
1774 20443 2
26092 28480 2
2304 28741 2
1244 2337 2
25608 26092 2
9 28740 2
20436 26103 2
9 2333 2
32 28736 2
18 25641 2
1798 28501 2
25611 26074 2
2414 28335 2
20437 27929 2
1241 25608 2
28645 28652 2
20465 28496 2
20465 27707 2
1835 25643 2
4039 26074 2
24643 25612 2
1962 28378 2
2331 25608 2
26066 26123 2
25713 26067 2
60 27124 2
20436 27707 2
27707 27861 2
28495 28535 2
1230 20437 2
18 1232 2
2365 2390 2
32 25641 2
4039 28693 2
20466 28645 2
27 28691 2
20465 25661 2
1835 28042 2
2304 20443 2
2334 28732 2
2335 28717 2
2335 25642 2
25 1935 2
1935 25612 2
25547 25916 2
2333 2417 2
2329 2582 2
26120 28554 2
1835 28372 2
1230 2417 2
28023 28732 2
9 28538 2
26129 28732 2
1835 28091 2
18 1239 2
2334 28336 2
27 25713 2
2366 26074 2
1244 26067 2
2366 28721 2
28554 28555 2
20466 25719 2
7 28743 2
60 26067 2
26060 28481 2
18 28337 2
27 28023 2
60 28688 2
1239 28688 2
234 20433 2
2354 26078 2
2361 2387 2
28361 28364 2
2360 26123 2
2337 25202 2
26078 28716 2
2337 25640 2
4039 26075 2
2335 28292 2
2335 25662 2
965 2337 2
25547 28350 2
2366 25547 2
60 1233 2
1234 25637 2
29 26103 2
1244 26068 2
28644 28646 2
2387 25637 2
20433 25716 2
25766 28116 2
53 1235 2
23192 28691 2
2034 24643 2
1798 25344 2
60 28644 2
26078 26252 2
20436 27712 2
900 1950 2
25612 28116 2
28161 28496 2
25766 26129 2
1238 26061 2
965 20465 2
2081 28501 2
7 28382 2
28492 28497 2
9 28711 2
26060 28702 2
27607 28554 2
1237 1246 2
7 28372 2
1250 1962 2
1234 26068 2
1238 2366 2
26078 28494 2
1835 26062 2
25723 26060 2
20433 25547 2
28327 28388 2
2356 20436 2
25612 25661 2
25616 26078 2
23231 25881 2
1962 28700 2
28335 28384 2
18 2387 2
28495 28554 2
20436 28023 2
25716 26074 2
2361 23192 2
2332 28646 2
2366 25881 2
962 2304 2
28332 28388 2
39 28735 2
28116 28323 2
26078 28545 2
25613 26078 2
1238 26074 2
26075 26092 2
20465 25615 2
26071 28023 2
1239 2366 2
20466 26114 2
1798 23192 2
234 28736 2
2332 20437 2
26078 27694 2
4039 23231 2
60 28695 2
32 27716 2
32 26252 2
53 1233 2
46 28717 2
1002 2335 2
2366 23189 2
25716 25916 2
1234 26062 2
23230 28320 2
2366 28641 2
881 900 2
1970 25608 2
1835 25718 2
2366 28711 2
2335 2426 2
20465 26109 2
23230 28665 2
7 28737 2
25881 28336 2
2337 26252 2
24643 26252 2
1234 1237 2
2360 2404 2
1937 2289 2
3428 28641 2
25713 27668 2
26076 28336 2
25344 26064 2
9 2582 2
1988 25662 2
66 1962 2
2337 28736 2
7 28502 2
25612 28617 2
25611 26092 2
1970 25611 2
26065 26252 2
20433 28495 2
29 26069 2
20433 25884 2
23230 28608 2
39 28334 2
26078 28039 2
26252 28336 2
46 1247 2
1238 20465 2
21722 26075 2
25 25640 2
2417 20436 2
28481 28501 2
2387 28692 2
25205 25344 2
25547 26076 2
9 25926 2
69 1962 2
46 26067 2
1030 25723 2
2354 2360 2
28735 28743 2
2337 25615 2
965 25202 2
2360 28699 2
1236 26103 2
2078 27124 2
1988 26066 2
25547 28499 2
25612 25621 2
2337 28698 2
26061 26068 2
1988 2426 2
26123 28735 2
60 1247 2
23231 25713 2
23231 25913 2
27 26063 2
234 26074 2
27607 28116 2
1230 2366 2
7 1709 2
20437 25913 2
26102 28695 2
21722 26103 2
1230 25881 2
1988 20443 2
2404 28691 2
25713 25881 2
25612 26064 2
1232 28346 2
39 2363 2
27 28320 2
9 28118 2
25637 25913 2
7 25661 2
24643 26120 2
66 25608 2
2329 2366 2
20466 28400 2
20443 25611 2
28341 28357 2
26073 26096 2
2337 2356 2
1228 2335 2
2335 20441 2
234 27714 2
25202 25713 2
8619 8620 2
60 25613 2
1236 26066 2
28496 28504 2
29 20465 2
28617 28629 2
25344 27716 2
18 25615 2
7 28353 2
2366 25719 2
1237 26120 2
9 881 2
28714 28716 2
20433 28161 2
7 1243 2
1234 26063 2
1950 26078 2
2335 28118 2
25205 25713 2
25202 26103 2
1234 28334 2
46 25547 2
2387 2414 2
1231 1970 2
26102 28646 2
53 26074 2
25344 28481 2
1774 2335 2
32 28346 2
1988 2354 2
9 964 2
32 28068 2
28116 28497 2
234 28745 2
53 23192 2
1935 25637 2
23230 26085 2
20466 27800 2
60 25615 2
1246 2329 2
2334 2403 2
7 20438 2
1234 26064 2
7 28007 2
1970 2356 2
2334 28666 2
25716 28495 2
2335 2423 2
25344 28335 2
26251 27714 2
60 25716 2
46 25637 2
1238 24786 2
39 28744 2
2337 28714 2
20437 28023 2
1230 25913 2
28023 28346 2
28358 28382 2
2081 28504 2
25713 28494 2
26066 26252 2
1774 26060 2
1238 2331 2
53 28666 2
25612 28023 2
2366 25884 2
23230 28111 2
2335 28705 2
2387 26065 2
26076 28178 2
18 28334 2
1941 25611 2
2390 26129 2
27 26075 2
26129 28501 2
1937 27694 2
2335 25645 2
895 23230 2
2335 2513 2
2387 25202 2
1243 26065 2
46 26064 2
26061 26063 2
28740 28745 2
25 29 2
26129 27607 2
1988 28666 2
28336 28382 2
25916 26252 2
2387 25616 2
20465 27720 2
39 28738 2
1237 2387 2
1233 28332 2
28698 28711 2
25 23189 2
25640 25647 2
2417 25621 2
23230 26062 2
2414 25913 2
2366 28727 2
26067 26078 2
53 1236 2
234 28749 2
32 26251 2
1241 26074 2
1950 24643 2
28336 28339 2
18 2331 2
2414 23189 2
23230 28573 2
1962 28740 2
2414 27607 2
39 26113 2
2404 20466 2
9 28693 2
28023 28337 2
2417 25616 2
25547 28496 2
1238 25637 2
28645 28649 2
1232 25881 2
2304 28698 2
25547 26251 2
32 25202 2
25 28487 2
39 25766 2
26078 26139 2
2551 26066 2
2414 25717 2
1835 25642 2
46 2414 2
2331 25613 2
23230 28693 2
20437 21722 2
27 1236 2
20433 26067 2
26060 28592 2
1988 28504 2
1228 26078 2
46 2387 2
2366 20438 2
32 28716 2
1988 26113 2
26103 28023 2
1237 2334 2
28714 28727 2
2403 26129 2
1235 26096 2
26092 28116 2
26068 26102 2
23230 24789 2
7 28046 2
26078 28749 2
20433 27713 2
1241 28691 2
1233 26103 2
1798 26129 2
60 28483 2
1962 28694 2
234 28481 2
46 28732 2
20466 28573 2
1235 26066 2
2304 26062 2
2335 23356 2
234 25612 2
20433 27714 2
25717 28023 2
23230 28035 2
26076 28023 2
26078 28644 2
4039 25716 2
26069 28334 2
25547 25608 2
23192 26078 2
1236 28495 2
24786 25916 2
2414 25884 2
28023 28714 2
1233 25766 2
2403 20433 2
28648 28649 2
27607 28307 2
2354 2417 2
1239 26068 2
28688 28694 2
9 28432 2
26062 26070 2
18 2354 2
1988 2289 2
26078 28694 2
2360 28717 2
28116 28496 2
1244 25612 2
25614 26129 2
2387 28740 2
1774 23230 2
26074 28207 2
2366 25202 2
2366 26069 2
1988 23356 2
8619 23230 2
1798 25547 2
1246 26076 2
27 1233 2
1239 28495 2
25947 26060 2
28023 28496 2
9 28503 2
2387 28336 2
39 26109 2
28489 28490 2
24643 26103 2
1942 1967 2
7 26067 2
1229 1962 2
39 2315 2
26251 28068 2
32 25615 2
26076 26091 2
900 23231 2
1242 26067 2
2414 28688 2
9 28541 2
2329 25637 2
2360 28671 2
2366 27607 2
25344 28432 2
2304 28671 2
2304 28695 2
23231 28692 2
26078 28495 2
2417 26075 2
25612 26066 2
26078 28740 2
28336 28358 2
26092 28490 2
28329 28330 2
20437 28323 2
1233 25913 2
1962 27716 2
2354 23192 2
26092 28336 2
1235 2414 2
28336 28374 2
2330 2387 2
28320 28369 2
1234 28335 2
2335 28418 2
2361 25205 2
1970 2335 2
1835 2078 2
1230 26075 2
2387 28161 2
28161 28400 2
2360 28670 2
2404 25913 2
1937 28693 2
1835 2363 2
2337 24643 2
2057 2063 2
2335 28648 2
2360 25547 2
24643 25615 2
46 25613 2
27 27712 2
25344 28496 2
28714 28722 2
20466 28715 2
2304 25926 2
1246 2366 2
18 1235 2
20466 26066 2
26129 28337 2
2354 28679 2
26060 28699 2
26102 27124 2
18 1798 2
32 28335 2
23230 28666 2
26060 26110 2
26102 28645 2
1247 28335 2
20433 28736 2
53 28668 2
20437 26251 2
2360 25913 2
26102 28494 2
1236 28512 2
2582 26078 2
46 1242 2
1769 20466 2
1988 26139 2
25344 28497 2
2354 2356 2
2363 28714 2
1835 28512 2
2329 2361 2
2414 26103 2
25616 26103 2
2361 25766 2
1835 2248 2
25547 27607 2
26065 26102 2
25717 26103 2
24643 26076 2
25344 28702 2
2390 2403 2
2331 26075 2
1230 25611 2
18 25616 2
60 28495 2
1242 25612 2
1970 23231 2
234 26092 2
2414 25616 2
900 1228 2
39 25613 2
46 28336 2
2081 27125 2
1970 27124 2
1242 28692 2
32 28337 2
25643 25644 2
1937 26075 2
25344 28662 2
28688 28693 2
20437 24786 2
32 28678 2
26129 26251 2
25 24786 2
1233 26061 2
2304 28432 2
7 28718 2
2390 28669 2
2366 28694 2
7 28143 2
28330 28396 2
2360 25720 2
25344 28505 2
20466 28714 2
1242 1970 2
1232 26252 2
2304 28738 2
26092 26103 2
26061 28023 2
7 25884 2
1237 26061 2
1232 1244 2
1234 26061 2
25612 26123 2
26129 27694 2
23189 25947 2
46 26069 2
1937 28692 2
234 28501 2
18 895 2
28716 28724 2
32 1242 2
2387 28644 2
25 28691 2
1250 1835 2
2304 27124 2
23230 28501 2
28335 28358 2
20439 20440 2
9 28496 2
1935 26076 2
27 26067 2
26078 28715 2
2304 28729 2
26076 27713 2
1461 2334 2
1239 25916 2
2414 26063 2
9 2336 2
2582 28023 2
1937 2360 2
1962 28067 2
286 1835 2
23230 23356 2
1461 2360 2
1988 28068 2
25713 25766 2
53 1246 2
7 26114 2
2390 28688 2
1246 2337 2
2337 25616 2
2337 2404 2
23189 28598 2
1238 25344 2
1962 28481 2
23230 28385 2
1233 2387 2
26071 28116 2
1 1835 2
46 2331 2
23231 28497 2
28336 28383 2
1835 28693 2
2414 25615 2
29 1234 2
2334 25547 2
25613 28116 2
53 234 2
483 23230 2
25661 26102 2
60 900 2
2360 28716 2
2337 26069 2
2329 25611 2
1835 26110 2
60 25644 2
1830 2080 2
46 28334 2
25616 25717 2
2387 25547 2
25 2403 2
26065 26129 2
39 28715 2
23356 25611 2
27 28337 2
1962 28646 2
1935 28736 2
25 2331 2
28321 28334 2
20436 26076 2
1238 2414 2
26063 26068 2
25 28337 2
1234 24643 2
2304 28335 2
2387 25641 2
1988 28688 2
28662 28666 2
32 25614 2
7 28 2
2081 26074 2
25713 28336 2
2387 28496 2
1233 1246 2
23189 28688 2
28486 28497 2
28497 28512 2
25616 26102 2
2334 28693 2
1233 1709 2
1247 1919 2
1962 28721 2
24643 26073 2
1247 20437 2
2360 2582 2
2360 28641 2
2360 25642 2
9 28715 2
2356 2366 2
1232 26063 2
2366 27713 2
2414 25614 2
2334 28667 2
1246 26104 2
25 25613 2
1244 28497 2
60 26251 2
26069 28116 2
26251 28334 2
28645 28647 2
2360 28161 2
1898 23230 2
25611 25661 2
1235 25611 2
965 26103 2
2404 26129 2
2335 28495 2
27124 28336 2
26102 28715 2
25713 26092 2
1988 2034 2
25713 26251 2
7 28623 2
28735 28745 2
25 26252 2
28668 28670 2
26123 28665 2
25205 25608 2
9 28462 2
2417 28738 2
234 25547 2
28336 28398 2
9 1243 2
25 26076 2
7 25645 2
25 26109 2
20437 26074 2
900 26120 2
25713 28505 2
7 28695 2
26075 26129 2
1241 25612 1
23230 28341 1
25611 26123 1
2417 28691 1
28023 28495 1
26092 26104 1
26078 28504 1
39 28481 1
2414 26069 1
18 1993 1
2337 28743 1
25612 27607 1
2363 26061 1
1962 25211 1
32 25717 1
25769 25916 1
23230 25662 1
1988 27707 1
1709 23231 1
25344 26123 1
24643 28698 1
26102 27716 1
25612 26075 1
25616 25913 1
2414 25916 1
26064 26075 1
26074 28611 1
950 2304 1
7 28292 1
1230 25608 1
2329 28645 1
28335 28355 1
2341 25717 1
26129 27714 1
1962 28715 1
2304 28358 1
1962 26112 1
26102 28501 1
18 2336 1
25642 26102 1
25713 28503 1
20433 28693 1
1919 4039 1
20433 26064 1
32 28699 1
25713 28161 1
26129 28662 1
1236 27607 1
7 28483 1
25608 25766 1
26078 26081 1
20436 26252 1
900 2365 1
1935 28691 1
20433 25114 1
1232 1970 1
2387 2582 1
1988 28321 1
2315 2551 1
1950 26129 1
2403 20466 1
66 26078 1
2335 26120 1
25717 28116 1
20433 28721 1
286 26073 1
2330 2333 1
8619 28739 1
20466 28290 1
26067 26096 1
27717 27718 1
1962 26114 1
26102 28356 1
2414 28735 1
286 23230 1
20433 28504 1
20465 26114 1
1040 2304 1
28116 28691 1
25344 28715 1
28496 28528 1
39 28397 1
2304 2582 1
1236 1244 1
1798 26123 1
28688 28702 1
2304 28364 1
1235 26251 1
53 1247 1
26065 27607 1
26091 26123 1
32 1231 1
25202 25547 1
1835 28073 1
1898 1942 1
1988 28483 1
1937 27124 1
9 25640 1
2366 25644 1
2304 28504 1
1962 28743 1
1231 25913 1
2403 25713 1
2426 20436 1
1238 27607 1
2329 25614 1
25661 26060 1
21722 28330 1
29 25913 1
24786 25717 1
2360 28116 1
29 2335 1
25 26069 1
2304 28720 1
1988 2329 1
4039 26069 1
26071 26075 1
27707 27983 1
27 53 1
28494 28586 1
25618 28662 1
2366 28726 1
1236 28680 1
60 28332 1
965 1774 1
1238 25641 1
2304 25590 1
9 962 1
25637 26251 1
1040 25637 1
1835 24789 1
26078 28656 1
25913 26120 1
7 28357 1
39 28656 1
1835 28194 1
1246 27694 1
2329 28688 1
27 2337 1
25611 26073 1
60 27712 1
23230 28490 1
39 28739 1
881 24643 1
28495 28573 1
9 28681 1
1659 25612 1
25344 25881 1
25 28378 1
1988 25721 1
9 28487 1
1835 25662 1
28330 28394 1
25 28503 1
2363 23230 1
20465 28738 1
18 28680 1
1241 28068 1
2356 25608 1
20466 28699 1
25202 28692 1
18 28692 1
28555 28564 1
1247 26252 1
28519 28541 1
20433 25616 1
1236 25766 1
20437 28339 1
2360 28339 1
25114 25611 1
53 23189 1
1247 25608 1
60 28335 1
20438 20465 1
18 28496 1
900 1030 1
1798 28481 1
18 2414 1
1244 2365 1
1230 25916 1
25 28644 1
2356 28694 1
20465 23192 1
1232 2335 1
2304 28721 1
1244 2334 1
2356 28161 1
1241 28696 1
1774 26078 1
20437 28497 1
26102 28337 1
2361 20433 1
23230 27760 1
20436 28329 1
2365 28623 1
2335 8620 1
2366 28497 1
1002 26103 1
2414 23231 1
950 26102 1
39 20438 1
26060 28646 1
2366 24789 1
53 1231 1
2304 26112 1
234 26104 1
2582 28629 1
1970 27668 1
60 28693 1
25344 28320 1
1970 20436 1
4039 28617 1
28495 28512 1
900 20436 1
21722 25718 1
20441 20465 1
1962 2034 1
20436 26074 1
23231 28641 1
26102 28029 1
2356 25662 1
26252 28329 1
26078 28696 1
2354 2358 1
25547 25716 1
25344 28665 1
32 28727 1
1243 26129 1
25637 25645 1
46 28116 1
46 26104 1
25 286 1
28691 28694 1
900 20433 1
1235 24786 1
26123 28657 1
60 28691 1
2360 25211 1
20465 28739 1
24789 26073 1
2333 26060 1
26102 28105 1
7 2330 1
20466 28662 1
28490 28545 1
2304 24789 1
27716 28017 1
53 2365 1
28321 28332 1
2337 28334 1
1002 26129 1
25713 28375 1
25611 28645 1
4039 26076 1
1241 25718 1
20437 28496 1
1228 2390 1
25786 28397 1
2356 25616 1
2321 2358 1
1840 1962 1
1250 4039 1
1247 26073 1
2034 26060 1
32 28501 1
2363 25344 1
28325 28334 1
2366 28745 1
2361 28641 1
28023 28497 1
2356 28735 1
25713 25947 1
1835 28745 1
1237 23189 1
26075 28458 1
28490 28563 1
26078 27381 1
29 26075 1
25613 26129 1
2304 28222 1
26075 28714 1
20466 28494 1
53 25616 1
53 2417 1
46 1235 1
2335 26123 1
23193 25612 1
962 2335 1
2426 25611 1
26060 26065 1
25644 26129 1
20465 24789 1
29 1244 1
9 1919 1
2330 20433 1
24643 25613 1
53 1228 1
25 234 1
28161 28336 1
28497 28502 1
1242 28736 1
2366 26064 1
60 26081 1
26120 28116 1
2335 25644 1
900 25881 1
46 28545 1
2390 28692 1
26102 28288 1
2334 2356 1
25547 26074 1
2426 28023 1
2337 28495 1
20438 24786 1
24643 28494 1
2417 26251 1
1937 28738 1
29 2366 1
60 2390 1
28495 28558 1
39 1233 1
26060 28538 1
23189 26073 1
1236 26251 1
25717 26139 1
1242 26076 1
2360 25766 1
1241 28692 1
32 28644 1
39 28662 1
26060 26066 1
25916 27694 1
2335 24789 1
1250 26060 1
28368 28370 1
1962 28738 1
26060 28496 1
2304 3092 1
27 1239 1
25719 25721 1
28335 28397 1
27 234 1
1233 26104 1
2390 25641 1
26104 28023 1
1250 2304 1
20433 24643 1
25916 28668 1
25641 25645 1
25 1709 1
7 28329 1
66 26102 1
2337 25205 1
9 28196 1
2080 2088 1
24643 26092 1
60 28735 1
60 2387 1
25766 26075 1
4039 28714 1
25786 26103 1
1233 2337 1
25547 28023 1
23231 25614 1
28483 28534 1
1941 26073 1
1988 2078 1
26064 26096 1
20466 25718 1
25 25205 1
2361 25916 1
26102 28739 1
1962 25642 1
2334 28721 1
1235 23189 1
1941 2335 1
25202 25540 1
9 26683 1
1231 1709 1
1970 26103 1
20437 20440 1
26074 26115 1
25916 27124 1
234 28691 1
9 28485 1
2426 25884 1
60 25881 1
28525 28528 1
1937 2679 1
26069 27705 1
20433 28335 1
1835 2551 1
881 23231 1
2337 26076 1
2337 28641 1
1238 25713 1
39 28644 1
27607 28479 1
26109 26112 1
2366 2423 1
1962 28350 1
2582 25926 1
26251 27713 1
25344 28672 1
2363 26078 1
1835 28719 1
1239 26123 1
26123 28116 1
1835 28649 1
1236 25713 1
21722 25614 1
28 26102 1
20437 20438 1
27707 27717 1
26066 26251 1
7 28080 1
25637 25642 1
25621 28602 1
26060 28037 1
25713 28504 1
1935 28496 1
2354 25611 1
39 28105 1
25613 26123 1
20466 25947 1
46 1238 1
1962 27381 1
28336 28369 1
8620 28722 1
1835 28517 1
1244 26075 1
1988 25114 1
25205 25612 1
2078 2289 1
1935 28494 1
25913 26092 1
20437 28693 1
26070 26078 1
2366 23192 1
1950 25205 1
8620 28718 1
1230 25205 1
1237 26123 1
26071 26087 1
9 483 1
1040 2335 1
26063 26071 1
7 28487 1
25202 28068 1
2360 28502 1
1241 1246 1
2334 25613 1
18 25621 1
28 1988 1
2034 25344 1
27 24643 1
20437 20443 1
1774 2365 1
1835 28380 1
1962 27929 1
2423 23230 1
1230 25613 1
2403 24786 1
26102 26111 1
25916 26103 1
2304 28651 1
25344 28732 1
1835 28669 1
20433 28743 1
20433 28501 1
32 28541 1
1919 20465 1
28481 28495 1
7 28385 1
1835 28397 1
9 28382 1
26252 28185 1
32 1239 1
2387 25615 1
25613 25662 1
2354 28736 1
25717 25718 1
2334 24789 1
24786 25612 1
20466 28495 1
39 2423 1
26129 28400 1
24786 28665 1
2417 25641 1
28715 28720 1
1232 20437 1
26102 27668 1
1239 25616 1
53 28736 1
1774 25205 1
20465 25616 1
900 28688 1
1239 25913 1
28501 28507 1
2333 28302 1
25642 26060 1
25637 25884 1
1233 25637 1
28325 28330 1
28023 28502 1
1236 2390 1
1937 25547 1
1236 2417 1
1234 4039 1
26103 28691 1
20433 28497 1
7 28602 1
28023 28696 1
950 25611 1
25884 26102 1
23230 28721 1
28330 28345 1
1988 28514 1
25205 25547 1
2334 28651 1
25547 25717 1
2417 25547 1
25 28490 1
234 28116 1
26129 27929 1
2403 23189 1
7 28649 1
26103 28695 1
32 28544 1
26096 28161 1
25916 26123 1
1835 28723 1
1231 26129 1
1798 26104 1
7 28539 1
28667 28669 1
9 28475 1
26069 27124 1
25717 28496 1
2304 25718 1
25611 25916 1
26102 28364 1
39 2336 1
66 2337 1
28023 28499 1
26129 28418 1
46 27607 1
2335 27713 1
39 28646 1
20465 28694 1
2356 28688 1
1235 28574 1
2354 23231 1
1234 28320 1
9 20440 1
28336 28378 1
23230 28719 1
1962 28534 1
1231 28320 1
25 25719 1
1030 25344 1
1241 4039 1
69 23230 1
46 1233 1
25713 28393 1
7 28321 1
28331 28385 1
25881 28641 1
9 28702 1
28724 28726 1
1230 1937 1
1988 27712 1
28322 28327 1
2334 25717 1
25344 25644 1
23230 28357 1
26065 28023 1
9 25645 1
7 25643 1
2304 28657 1
2334 25637 1
1769 28705 1
53 26104 1
60 2329 1
2304 28094 1
1234 26069 1
2390 25766 1
2334 26073 1
2354 20436 1
25716 28499 1
25344 28717 1
2034 2080 1
32 25613 1
20465 25205 1
1241 26139 1
1988 26070 1
1937 28715 1
23189 24643 1
1835 28025 1
20466 28747 1
2335 28499 1
28116 28495 1
2417 26073 1
20465 26067 1
26060 28647 1
1 25 1
2551 28714 1
25205 25640 1
18 27694 1
2356 28698 1
26120 28343 1
1238 1991 1
1962 28484 1
2334 25786 1
2360 23189 1
25547 28573 1
26102 28543 1
20465 26085 1
28665 28670 1
9 26065 1
9 28597 1
2337 2582 1
46 2365 1
53 28496 1
60 1238 1
26075 27124 1
23230 27718 1
2335 25719 1
2356 25913 1
1235 2334 1
25547 28330 1
9 28611 1
1962 28418 1
1232 25616 1
28335 28412 1
1962 25769 1
1002 2366 1
26069 26091 1
46 28337 1
2404 25713 1
2387 26251 1
7 28475 1
2335 28726 1
2331 28334 1
26062 26129 1
60 25205 1
60 28538 1
26067 26076 1
7 28368 1
25641 25644 1
25613 26091 1
2335 28335 1
26092 28335 1
28483 28495 1
1233 25612 1
1237 28161 1
25611 25786 1
26129 27124 1
2582 25344 1
21722 25716 1
2403 2423 1
39 28337 1
27 1231 1
1244 28116 1
60 28694 1
21722 26074 1
18 1970 1
2329 20465 1
25713 26104 1
7 28592 1
53 25640 1
234 20437 1
1247 28692 1
2321 2333 1
1040 1988 1
28322 28388 1
20466 28743 1
1030 2323 1
25611 26075 1
2337 28665 1
25786 26078 1
26060 28497 1
60 1231 1
26129 28694 1
18 25618 1
1002 28722 1
2329 23231 1
20437 28696 1
23231 28644 1
25205 28116 1
28116 28702 1
32 1243 1
1709 26078 1
28499 28504 1
25547 28039 1
1234 26073 1
1235 27607 1
26062 26123 1
20466 27929 1
26064 26102 1
1231 4039 1
2365 26069 1
9 28699 1
26104 26123 1
25611 25884 1
2335 28722 1
28335 28418 1
20436 25616 1
28350 28394 1
26102 26114 1
25 27125 1
2361 2366 1
1991 20437 1
25547 26069 1
2034 26102 1
29 28648 1
965 20437 1
1835 28158 1
1774 25608 1
2361 25716 1
1235 28538 1
1247 25637 1
46 25913 1
24643 25661 1
53 2414 1
2304 28670 1
1835 28487 1
1835 28105 1
8619 28747 1
1937 26065 1
26060 26068 1
1230 28023 1
18 28382 1
1234 26251 1
1002 1234 1
26120 28207 1
27 28737 1
25913 28715 1
2304 28499 1
1919 2335 1
1659 1962 1
2337 25613 1
25916 28735 1
1962 28341 1
4039 28495 1
7 28400 1
25547 25640 1
2335 28724 1
8620 26060 1
23230 25718 1
28555 28557 1
2078 26103 1
2354 28116 1
1234 2329 1
26252 28116 1
23230 25786 1
20433 27861 1
53 1798 1
2337 28644 1
1235 26075 1
20433 28732 1
20436 23356 1
1461 25547 1
2552 8619 1
27607 28067 1
26129 28702 1
1230 28320 1
26129 28504 1
28326 28334 1
1835 26086 1
28485 28488 1
4039 25611 1
1230 28699 1
26060 28648 1
26071 26076 1
32 28519 1
25713 26073 1
1970 2078 1
2366 28722 1
2335 28608 1
26078 28702 1
2404 25547 1
26102 28330 1
25913 25947 1
18 28321 1
28647 28663 1
8620 28716 1
2354 24786 1
1935 28023 1
1238 26073 1
1962 26139 1
2337 25719 1
26102 28483 1
1246 28736 1
1235 25205 1
2403 26060 1
46 1970 1
32 28702 1
18 28346 1
1935 2333 1
1228 26074 1
53 1709 1
20433 28711 1
20465 25717 1
20466 28700 1
26074 26113 1
1246 26120 1
1709 25916 1
1937 27668 1
4039 28507 1
1709 26073 1
66 2334 1
26102 28623 1
2390 28023 1
1993 26060 1
53 28497 1
1002 2414 1
1 1988 1
23230 28535 1
26060 26112 1
26060 26067 1
1962 28285 1
1243 23192 1
1238 26251 1
9 28719 1
53 26251 1
2390 28693 1
1002 1244 1
28723 28727 1
26103 28644 1
1835 26111 1
26129 28330 1
25 1232 1
1950 2289 1
1988 26061 1
2365 25766 1
28483 28490 1
23230 28723 1
25547 28335 1
18 1236 1
29 28497 1
46 28641 1
28330 28400 1
26078 28400 1
2315 28608 1
1754 1962 1
900 25713 1
2390 25344 1
20465 28339 1
1247 2360 1
234 25616 1
2068 2080 1
60 28481 1
1231 2390 1
46 25645 1
1970 25547 1
1753 1835 1
26069 28194 1
26066 26129 1
28335 28383 1
26067 26075 1
25 28736 1
1970 28665 1
234 1237 1
26074 27124 1
20437 25645 1
7 28646 1
46 25720 1
32 25205 1
25716 26069 1
1988 28380 1
27861 27983 1
1962 2330 1
28330 28388 1
1238 25547 1
25713 28691 1
23230 28698 1
2330 26060 1
1239 25637 1
46 28645 1
23189 26065 1
2335 26085 1
25641 26074 1
25344 28418 1
28023 28736 1
1232 26103 1
25608 28497 1
28 26073 1
1970 25612 1
26078 28339 1
2417 25662 1
1232 28335 1
1238 26123 1
25211 26102 1
2356 28023 1
20465 28490 1
1229 1235 1
2404 23192 1
2335 28502 1
2360 28737 1
286 1962 1
1235 1243 1
1835 28505 1
2335 2336 1
25344 26109 1
23230 28699 1
1231 26123 1
25344 28699 1
7 28378 1
20466 28337 1
26104 26252 1
1962 2551 1
24786 25615 1
25616 28023 1
4039 28499 1
1798 28499 1
25 25616 1
1461 20466 1
2414 25613 1
286 299 1
18 28418 1
27929 28116 1
1228 26129 1
28644 28647 1
900 1244 1
2334 26081 1
28380 28381 1
2034 2360 1
28512 28517 1
2337 28645 1
1233 25608 1
1241 28499 1
1235 28688 1
1040 20466 1
26060 28341 1
26251 28496 1
1236 1237 1
2365 2403 1
2366 25647 1
18 1937 1
26071 26129 1
1247 25716 1
1241 28118 1
1237 1935 1
7 28629 1
26129 28699 1
2358 23230 1
1234 25916 1
2366 28648 1
1233 4039 1
2387 28711 1
20437 25641 1
2552 26060 1
39 950 1
26069 28075 1
900 2360 1
1231 25645 1
25 2078 1
1950 25608 1
1835 25590 1
965 2354 1
60 2356 1
2337 26073 1
32 2404 1
25713 28334 1
60 28541 1
2403 26078 1
2315 25916 1
23230 28512 1
2390 28116 1
28481 28564 1
26060 28353 1
1988 25947 1
21722 25916 1
1234 28736 1
21722 26078 1
25713 28320 1
28330 28335 1
20436 28116 1
9 26115 1
28116 28699 1
900 25766 1
1991 20436 1
1937 23231 1
32 26069 1
2356 23231 1
8619 28644 1
60 28499 1
28325 28335 1
53 1941 1
26060 28726 1
7 28557 1
9 25786 1
28494 28564 1
25713 28497 1
60 234 1
20466 28339 1
9 28 1
1235 25913 1
29 28023 1
1228 1241 1
965 26075 1
889 28592 1
20466 28693 1
28 28660 1
2423 25916 1
1244 28490 1
25 25884 1
234 1231 1
1835 26071 1
26078 28335 1
25 28499 1
21722 25717 1
2423 26060 1
2426 28644 1
1774 25611 1
28711 28727 1
2417 28111 1
23230 28745 1
1830 1942 1
18 25205 1
2361 25786 1
60 26075 1
2423 23189 1
2358 28662 1
2334 26252 1
9 28695 1
2403 25716 1
9 26114 1
32 881 1
28378 28379 1
20433 28645 1
2387 26129 1
20436 25916 1
1002 28023 1
2248 26060 1
25202 28735 1
1988 28544 1
1230 2390 1
9 28745 1
1246 2390 1
2426 28691 1
53 2582 1
26078 28485 1
2361 2417 1
1247 20433 1
20465 25642 1
28015 28017 1
1244 28641 1
2363 2552 1
26129 28667 1
29 23231 1
2329 28667 1
286 20466 1
46 28490 1
2333 25713 1
1962 27800 1
7 28514 1
20437 28330 1
46 1232 1
1709 2304 1
28495 28555 1
1236 25881 1
25947 26102 1
7 28412 1
7 28324 1
1835 28743 1
23230 28700 1
28332 28335 1
26060 28490 1
18 28341 1
9 28608 1
46 28495 1
26062 28116 1
46 60 1
2552 28644 1
25 27722 1
26120 28023 1
2334 28717 1
25344 28716 1
7 20439 1
1242 20437 1
26102 28665 1
60 1229 1
23231 24786 1
1239 1247 1
1244 28023 1
53 2363 1
1840 25716 1
1898 1988 1
32 2387 1
2329 28678 1
2337 2354 1
28486 28496 1
25786 26060 1
24643 26074 1
964 28705 1
1941 26092 1
1988 28736 1
2390 20443 1
28339 28353 1
1233 21722 1
26129 28717 1
1919 28501 1
20433 28015 1
1247 25766 1
1230 2387 1
1950 2335 1
7 28726 1
25613 26074 1
39 1243 1
1235 25202 1
2336 20465 1
26092 28512 1
1236 26069 1
2331 26129 1
9 28378 1
1937 2334 1
28 28323 1
28116 28641 1
2363 2551 1
28488 28502 1
1233 2414 1
1231 25612 1
9 28288 1
28116 28617 1
2414 4039 1
1798 2335 1
1250 20466 1
1988 28732 1
881 25205 1
25611 25947 1
28573 28574 1
25913 26069 1
2331 25611 1
2289 26102 1
46 1231 1
881 2335 1
1962 28432 1
26060 28358 1
28499 28501 1
1461 2335 1
2336 28649 1
1238 28574 1
60 28432 1
28323 28327 1
26073 26092 1
20436 25621 1
25721 26103 1
25913 26063 1
26102 26683 1
25344 26114 1
9 26109 1
2304 28745 1
25 28504 1
20437 28337 1
2414 25713 1
25645 26102 1
23230 28503 1
23230 26091 1
21722 28337 1
26075 28178 1
2334 25616 1
20465 28545 1
20465 25621 1
1988 26071 1
28645 28656 1
32 25766 1
1840 1991 1
28161 28279 1
2334 3428 1
1840 2057 1
18 1941 1
24643 28736 1
20437 25766 1
2361 25713 1
9 28629 1
53 2390 1
1669 1962 1
1835 28149 1
28481 28496 1
2304 28075 1
1238 23189 1
23189 28692 1
965 2390 1
2387 28665 1
2417 25884 1
26069 26103 1
1234 28336 1
1246 28068 1
20433 20438 1
28490 28516 1
28499 28503 1
9 28114 1
24643 25718 1
28334 28358 1
2334 28644 1
25716 28161 1
1231 25202 1
2552 25547 1
2387 28718 1
25612 28161 1
53 25615 1
7 25642 1
2334 28680 1
1242 28068 1
7 28366 1
1231 1244 1
2354 25202 1
29 25713 1
20466 28666 1
1239 26069 1
28023 28735 1
28482 28495 1
2404 25661 1
26060 28504 1
25612 28645 1
1962 28353 1
26060 28480 1
1236 26073 1
2390 28721 1
1232 26092 1
28482 28501 1
1236 28691 1
25 20443 1
9 28590 1
1233 26109 1
27 2361 1
26069 28715 1
2360 28400 1
2304 27929 1
26104 27668 1
24789 25590 1
26129 28292 1
2356 24789 1
7 25723 1
2304 28473 1
25205 26103 1
26064 26071 1
28023 28504 1
1244 24643 1
26091 28336 1
2366 24786 1
25 27 1
21722 27668 1
23230 28397 1
53 28646 1
8619 26078 1
1246 26111 1
1234 25615 1
1232 28688 1
2329 2356 1
2335 25916 1
1669 26060 1
28644 28648 1
1234 2078 1
23230 26114 1
286 965 1
25717 26104 1
1962 28382 1
1937 25344 1
26060 28700 1
2360 28068 1
2334 28711 1
26078 28544 1
20437 28694 1
1941 25713 1
26129 28080 1
18 1950 1
46 28320 1
25202 26251 1
20466 27716 1
1231 2417 1
7 8620 1
25 28617 1
7 28345 1
28485 28499 1
32 26067 1
2304 28330 1
2417 28116 1
25717 25723 1
1030 24643 1
1774 20433 1
2034 26078 1
25 26123 1
28355 28383 1
1230 2337 1
20465 28699 1
25713 26069 1
28369 28370 1
1941 26075 1
25881 26104 1
26069 26251 1
2414 28736 1
2333 28688 1
39 2333 1
25612 27668 1
28699 28700 1
18 26109 1
2387 28739 1
2417 25717 1
9 28094 1
1988 2361 1
2304 28501 1
2335 27929 1
26129 28161 1
26063 28116 1
2366 28617 1
28573 28576 1
1962 28007 1
7 27760 1
25618 26078 1
1247 28023 1
1835 28339 1
23230 26115 1
28116 28483 1
24786 25344 1
25 69 1
2315 28665 1
24786 26074 1
1835 26139 1
20440 25547 1
1237 25547 1
2334 23189 1
28490 28501 1
2390 24786 1
39 28554 1
2354 2404 1
2304 2668 1
32 895 1
26123 28023 1
7 28135 1
39 27712 1
1246 23192 1
2354 25608 1
20436 25615 1
23230 25947 1
1238 1246 1
234 28714 1
1239 27929 1
53 28608 1
2337 2403 1
2334 28738 1
53 1239 1
1244 27607 1
1835 23356 1
2329 20437 1
1461 25713 1
234 26073 1
26074 26109 1
27694 27716 1
26103 28161 1
2315 26060 1
25913 28495 1
25612 26074 1
1238 26076 1
1937 2414 1
2356 2582 1
20437 27714 1
1962 28397 1
1247 26076 1
1235 26252 1
2354 20437 1
26061 26123 1
32 1970 1
2360 28608 1
1988 23192 1
1228 26060 1
1835 28323 1
20436 25540 1
2333 26069 1
69 1988 1
27 28330 1
25713 28499 1
26060 27800 1
25916 26251 1
25 28693 1
2331 25615 1
1988 28374 1
25 28544 1
2365 25608 1
26060 28617 1
25344 25618 1
234 20436 1
28337 28345 1
7 24789 1
23230 28538 1
25916 28662 1
1988 20438 1
25 1247 1
4039 20443 1
25713 28339 1
7 28749 1
24643 28662 1
1919 28499 1
25662 26102 1
234 1235 1
28494 28573 1
2404 2417 1
1002 25344 1
66 2304 1
32 28711 1
25947 26078 1
25913 28494 1
32 2336 1
2404 24786 1
60 25916 1
2034 20465 1
9 69 1
2334 25205 1
1249 2360 1
39 964 1
1230 25612 1
24789 28641 1
1835 1840 1
26129 28608 1
53 26115 1
1774 2360 1
20433 28494 1
28641 28648 1
1 23230 1
2334 25614 1
28358 28402 1
53 25716 1
1234 2334 1
2414 26092 1
20466 28726 1
27 60 1
900 25637 1
20436 27716 1
27 26073 1
25 25643 1
39 28345 1
234 26103 1
60 28696 1
25547 28118 1
26067 26071 1
234 1970 1
26071 28068 1
962 26123 1
25608 28644 1
2334 28330 1
26096 26103 1
950 26060 1
28666 28670 1
20466 28321 1
2423 2426 1
1232 25608 1
7 26115 1
2417 28726 1
28641 28651 1
2366 28335 1
60 1228 1
2363 20466 1
2361 26103 1
28 53 1
32 1247 1
25615 26078 1
1937 28739 1
46 1244 1
23230 28378 1
9 28648 1
2304 2315 1
26069 26104 1
2034 20466 1
2356 26078 1
2335 28668 1
1235 28554 1
28 28502 1
28334 28418 1
2417 24789 1
25344 25766 1
9 28739 1
1962 28680 1
23230 28534 1
1234 26067 1
9 28279 1
1234 1242 1
25913 26074 1
1243 28743 1
26073 26109 1
1237 26073 1
23230 28149 1
1242 2360 1
1835 28067 1
1238 25612 1
1935 25661 1
26092 28538 1
1244 28662 1
2315 2329 1
26129 28692 1
1234 26252 1
20436 28035 1
26102 28667 1
39 28716 1
2334 23192 1
2334 28678 1
1229 26102 1
28714 28720 1
4039 28732 1
21722 25913 1
9 1461 1
1774 23231 1
1835 28721 1
25616 25618 1
1250 26078 1
2304 28143 1
4039 28023 1
1244 2366 1
26063 26067 1
28496 28497 1
7 28481 1
21722 27929 1
20466 25614 1
234 23231 1
28116 28504 1
1919 28696 1
2334 28719 1
2582 20436 1
234 28494 1
9 2363 1
1231 28334 1
28329 28337 1
7 2088 1
1 26078 1
2551 26061 1
2417 28113 1
1030 20466 1
1237 2582 1
25640 28641 1
1230 23231 1
21722 28339 1
24789 25611 1
20465 28719 1
39 25645 1
18 1898 1
2366 28698 1
1238 25723 1
23230 26070 1
25 25947 1
26060 26113 1
1962 27712 1
1231 28335 1
28337 28341 1
1962 28332 1
20433 25662 1
1233 28336 1
1962 28379 1
28714 28721 1
24786 28691 1
28358 28412 1
1962 28322 1
60 2336 1
1242 28735 1
20443 26102 1
2582 24643 1
2304 28668 1
18 25721 1
2366 21722 1
25718 26060 1
28 26060 1
26129 28341 1
25615 26103 1
2366 28161 1
1962 25114 1
2354 2414 1
1962 3428 1
28336 28353 1
2360 25926 1
60 2078 1
1835 28489 1
28495 28499 1
7 2315 1
32 1950 1
1242 25713 1
2335 28669 1
7 28660 1
18 28495 1
2304 28111 1
1002 28068 1
1709 25881 1
25615 25662 1
2329 2387 1
27 1937 1
2034 2304 1
26060 28716 1
2403 25612 1
1988 28717 1
2404 2423 1
1988 28649 1
2551 20466 1
20433 25640 1
2333 28711 1
27 2387 1
28517 28555 1
965 2361 1
23356 26078 1
28484 28489 1
2304 26109 1
2304 25721 1
25114 26102 1
1246 1941 1
9 27125 1
1237 1239 1
7 28365 1
28353 28374 1
1249 1988 1
1774 26102 1
26074 28158 1
1991 20465 1
1962 28395 1
2366 28667 1
53 27607 1
2414 28692 1
25616 26129 1
1669 26102 1
1935 4039 1
25637 26075 1
25344 26081 1
881 25611 1
26067 26070 1
1030 20465 1
18 2365 1
9 2341 1
1970 28023 1
2341 26102 1
28647 28649 1
23189 25913 1
20433 28717 1
39 28579 1
1237 2356 1
28721 28724 1
9 28480 1
1238 26103 1
28374 28377 1
2034 23231 1
9 28729 1
1835 25211 1
24789 25884 1
1231 25205 1
28378 28393 1
26102 28694 1
2331 28711 1
23192 25540 1
1962 28486 1
9 20443 1
1937 26069 1
20465 28696 1
2403 28715 1
46 1239 1
2403 28496 1
1950 24786 1
20466 28114 1
2417 28667 1
1830 2088 1
1835 28486 1
23230 25114 1
39 28698 1
1231 28692 1
20437 28688 1
26103 28497 1
1988 28629 1
1919 25637 1
28736 28739 1
28475 28479 1
2582 25611 1
24786 28161 1
1235 2329 1
1835 28335 1
4039 25641 1
25716 25718 1
900 20466 1
20433 28017 1
32 28067 1
1988 26068 1
23230 28207 1
53 965 1
21722 23192 1
27 1232 1
28116 28502 1
23231 28691 1
46 1935 1
2304 28617 1
26060 28645 1
1835 28358 1
2363 8620 1
2390 28495 1
25661 26103 1
234 2337 1
2404 25615 1
18 28554 1
25916 27716 1
1709 25766 1
25 28641 1
1002 23231 1
27 26123 1
25205 28600 1
1919 28161 1
20465 25647 1
20436 25614 1
23192 28688 1
25 25913 1
2335 28395 1
20433 25720 1
1237 2417 1
7 28721 1
20433 28726 1
23231 26252 1
1962 28722 1
25 965 1
1244 2387 1
26120 28499 1
20436 26120 1
60 27607 1
2329 25613 1
1942 20437 1
24643 26109 1
1232 26075 1
1237 1950 1
2331 25547 1
2354 26092 1
26102 28234 1
24786 26104 1
2335 26064 1
1988 25926 1
28695 28699 1
1234 25713 1
60 28732 1
28649 28651 1
32 28543 1
1233 24786 1
7 2513 1
2334 26120 1
1242 28688 1
29 20437 1
28337 28353 1
46 25766 1
1250 21722 1
25716 25723 1
234 27607 1
23230 28722 1
1244 20436 1
1962 28573 1
20465 28671 1
1962 1993 1
20436 28336 1
2334 26104 1
27 29 1
25881 26074 1
1835 2332 1
1232 25202 1
25114 25612 1
2331 20437 1
1970 2417 1
234 28468 1
20437 25613 1
1988 25618 1
26066 26076 1
46 28302 1
39 1919 1
26092 28483 1
2404 25611 1
1232 28161 1
1835 28432 1
18 1243 1
1230 23189 1
881 20437 1
21722 25547 1
28324 28335 1
27 1709 1
46 28330 1
25202 28694 1
27124 27668 1
881 2034 1
2335 28646 1
1835 25644 1
2304 2423 1
1988 28480 1
1 25881 1
28641 28657 1
2582 20439 1
18 28662 1
28480 28576 1
23231 26069 1
1993 20437 1
28698 28702 1
25 28336 1
234 25881 1
7 28341 1
1246 25616 1
26071 28597 1
1988 28468 1
1669 20465 1
2414 26123 1
23231 26096 1
9 28488 1
881 25926 1
1461 28692 1
1242 28665 1
18 26114 1
1228 2034 1
32 25881 1
29 23192 1
2315 28714 1
25344 28328 1
2354 25615 1
1235 25916 1
2360 26081 1
1238 26252 1
1231 1237 1
53 28503 1
25 28694 1
2081 28503 1
1242 24643 1
1709 20437 1
2335 26251 1
881 28711 1
1250 25713 1
2331 26251 1
965 25881 1
1830 2679 1
1232 2417 1
26102 28490 1
2360 25645 1
1970 26129 1
28023 28688 1
1235 1246 1
18 2329 1
25721 26102 1
28023 28602 1
25 28645 1
25881 25884 1
1325 1988 1
39 1774 1
18 25614 1
25344 28657 1
25547 28080 1
29 26129 1
2331 28688 1
26129 28336 1
20465 28358 1
1835 27722 1
1236 25344 1
2304 28702 1
53 23231 1
25 28339 1
28482 28486 1
1962 28590 1
2417 28645 1
2354 28336 1
1230 25621 1
2337 28721 1
2335 2341 1
2366 28669 1
25344 25786 1
2356 28692 1
28494 28512 1
28732 28739 1
26102 28017 1
2081 27124 1
32 28749 1
1709 23192 1
1835 28727 1
20437 28671 1
27694 27841 1
2333 28666 1
2365 28735 1
32 28715 1
25611 28602 1
1237 4039 1
1244 1935 1
25344 26120 1
26068 26073 1
28736 28741 1
23230 28412 1
7 28432 1
9 1325 1
25211 25612 1
2304 28608 1
1002 26251 1
28736 28740 1
1962 2333 1
28 28497 1
60 28727 1
25 1919 1
1233 26074 1
28341 28358 1
7 28346 1
1244 28337 1
1798 26073 1
2403 26103 1
23231 26120 1
20433 28490 1
2552 8620 1
2417 28494 1
2414 28337 1
2363 28666 1
2034 20433 1
27 2334 1
964 1835 1
1002 25637 1
24643 24786 1
28336 28421 1
1937 24786 1
25547 27713 1
25 28497 1
2404 28641 1
1237 20443 1
29 25611 1
2360 20441 1
39 28143 1
2331 27694 1
25114 25344 1
234 28514 1
7 26087 1
25 1242 1
46 28691 1
26063 26102 1
28649 28666 1
18 27707 1
1962 28037 1
234 25913 1
2366 23231 1
28517 28563 1
25344 28490 1
23230 25540 1
1798 28019 1
25916 28337 1
20466 25618 1
28483 28491 1
26060 26064 1
20437 27800 1
1325 20466 1
28490 28492 1
1970 25713 1
1941 25344 1
2387 28641 1
1236 2414 1
28648 28666 1
26104 28161 1
18 27607 1
18 28645 1
28320 28334 1
18 1242 1
32 299 1
1709 2417 1
1962 3092 1
1234 25766 1
1988 28617 1
1236 26076 1
28490 28539 1
28364 28366 1
1237 25766 1
28331 28332 1
2304 20438 1
28491 28495 1
46 2417 1
24789 25766 1
1249 26060 1
1244 26113 1
26129 28688 1
1988 2513 1
25637 26062 1
1988 27705 1
1835 8620 1
26074 26111 1
28339 28361 1
23231 28694 1
1235 25637 1
1030 1774 1
25713 26075 1
26078 28719 1
28656 28657 1
1238 2361 1
1962 27713 1
965 1030 1
1988 28695 1
23189 25547 1
2336 28118 1
1919 25608 1
7 1461 1
1243 26078 1
1247 2366 1
1937 26074 1
1835 2358 1
1232 26129 1
28499 28573 1
2329 25344 1
1247 26074 1
1235 26076 1
2334 25202 1
27 1237 1
23192 28116 1
26102 28538 1
32 28648 1
28481 28512 1
1 26102 1
20465 28512 1
23231 25947 1
20437 26104 1
2361 25637 1
9 28285 1
25618 25621 1
1835 28490 1
26092 28106 1
26060 28678 1
2582 20466 1
39 28702 1
1239 24643 1
2336 2387 1
24786 27694 1
1244 26123 1
18 28039 1
2390 26103 1
53 4039 1
1962 28736 1
20466 25723 1
2335 28647 1
20433 28339 1
25114 28699 1
2360 27720 1
28487 28495 1
28322 28366 1
28717 28724 1
39 25211 1
7 28196 1
26109 26110 1
25344 28339 1
2390 23231 1
1241 2335 1
1988 28714 1
28641 28647 1
46 1246 1
2668 26060 1
2332 28711 1
25637 26104 1
1950 1988 1
965 1236 1
26076 27716 1
20465 28723 1
25344 28735 1
28339 28433 1
32 965 1
39 1002 1
25 28496 1
32 28688 1
1229 1237 1
28481 28490 1
26103 28692 1
2354 28735 1
1238 25916 1
1244 24786 1
20466 23192 1
2366 28732 1
28330 28332 1
28481 28492 1
23230 28480 1
20443 25202 1
1228 27607 1
26070 26074 1
28332 28336 1
1236 24643 1
1233 2334 1
7 28672 1
39 28590 1
28736 28743 1
1236 25547 1
1232 1709 1
53 1234 1
1988 27694 1
4039 25547 1
9 66 1
28641 28646 1
881 2366 1
28364 28365 1
39 28717 1
20436 27841 1
18 28501 1
26102 28030 1
1774 20466 1
2387 28337 1
28644 28645 1
25716 27607 1
1962 28598 1
2334 25716 1
25344 25613 1
26060 28345 1
4039 28504 1
32 2333 1
7 881 1
25 25618 1
26068 26070 1
20466 27712 1
26086 26092 1
1988 25718 1
4039 23192 1
24786 28732 1
7 28178 1
1002 25547 1
1941 28736 1
18 2034 1
2387 26075 1
28646 28647 1
1962 28135 1
26103 28337 1
23230 28321 1
2335 28611 1
2414 28691 1
20466 28641 1
26102 28014 1
1988 28641 1
1040 20465 1
965 26078 1
20466 28649 1
1229 26060 1
4039 28496 1
25766 26062 1
1962 28035 1
23231 28665 1
1229 2304 1
1246 2360 1
24643 28732 1
1935 25644 1
2404 2582 1
26069 28073 1
25608 26123 1
1988 26111 1
28475 28494 1
32 28494 1
1840 2088 1
7 25720 1
53 28662 1
1970 26062 1
2360 25719 1
29 25637 1
1236 2354 1
1237 25205 1
24786 27607 1
1991 26074 1
1228 1233 1
1230 28116 1
25766 28665 1
26060 28320 1
39 25640 1
26060 28649 1
27716 28014 1
26103 26252 1
23230 28732 1
20466 28418 1
60 26120 1
23230 28743 1
2417 28716 1
7 2289 1
25202 26069 1
25 2330 1
2360 25881 1
20437 25717 1
25608 28715 1
23230 25661 1
1237 26074 1
18 27716 1
32 25716 1
28698 28699 1
1233 1244 1
2390 26076 1
7 28554 1
32 2329 1
53 28714 1
25344 28487 1
39 965 1
25211 28735 1
25608 25713 1
1962 28608 1
28320 28328 1
234 28499 1
32 1230 1
2248 20465 1
299 26129 1
1234 2331 1
1962 23356 1
1 1962 1
7 889 1
7 28720 1
26069 27607 1
28490 28573 1
1246 2582 1
46 1237 1
1247 25202 1
20437 28699 1
1229 1231 1
28495 28579 1
26075 26096 1
25205 26129 1
1239 20437 1
28492 28495 1
2361 25202 1
25344 27714 1
1919 26129 1
1232 28336 1
26102 28743 1
25637 28496 1
1237 28715 1
1237 2034 1
28665 28671 1
4039 26104 1
28527 28528 1
1236 28161 1
18 23192 1
25913 28118 1
26103 28068 1
26092 28534 1
2329 25612 1
53 25641 1
25916 28116 1
2304 25644 1
28692 28696 1
1970 2337 1
24643 25614 1
25766 28715 1
20436 26251 1
26096 28068 1
28 28335 1
1249 2304 1
25202 26104 1
28116 28118 1
4039 26252 1
53 2354 1
28432 28433 1
23231 27607 1
964 1769 1
2335 26081 1
53 2331 1
4039 24789 1
26067 27607 1
26102 28185 1
1937 25608 1
2335 28503 1
2332 25344 1
26073 28161 1
1835 28106 1
2390 28736 1
2390 28334 1
32 2513 1
2365 26129 1
2335 28116 1
9 28495 1
2034 2337 1
1244 25611 1
24643 25205 1
28334 28357 1
46 26092 1
1835 28080 1
18 950 1
26060 26062 1
9 28029 1
1988 25884 1
18 28694 1
60 25637 1
53 28692 1
24786 28600 1
25 28501 1
20465 28325 1
2390 4039 1
20466 28740 1
23230 28353 1
18 28736 1
2551 25612 1
4039 28339 1
2336 20466 1
2366 28647 1
26061 26066 1
2337 25618 1
1962 28025 1
1962 28657 1
2304 25621 1
2360 2552 1
1246 28692 1
1962 25645 1
1941 25716 1
25608 28505 1
1835 28019 1
60 26109 1
1247 27607 1
39 2403 1
9 28592 1
28337 28374 1
60 28519 1
1970 28737 1
9 26067 1
1962 28668 1
32 28745 1
26061 26071 1
9 2027 1
26069 28234 1
26078 28535 1
1242 26075 1
28497 28516 1
965 1950 1
7 28738 1
20437 26252 1
1247 2335 1
20433 25723 1
25717 25913 1
1241 24643 1
26066 26096 1
25713 28378 1
32 2330 1
2336 23230 1
20437 25916 1
7 26112 1
1246 28023 1
25611 25621 1
9 28617 1
900 1237 1
2304 28598 1
2417 26069 1
1241 28161 1
1941 1950 1
20438 20439 1
1988 28737 1
27 28068 1
234 2404 1
2335 20438 1
1937 20437 1
1242 26074 1
2323 25344 1
26102 28541 1
27 28161 1
25642 25644 1
2329 28670 1
2304 28666 1
1835 28386 1
2354 25881 1
1950 1962 1
7 28680 1
26067 26102 1
25202 26068 1
28507 28514 1
26102 28727 1
1962 28678 1
7 28719 1
26074 28161 1
1962 28669 1
46 27668 1
2363 28668 1
1232 1247 1
32 21722 1
23230 28358 1
2423 26102 1
1231 27607 1
234 25608 1
1230 1798 1
23189 23356 1
1241 26073 1
25713 28554 1
25913 26104 1
234 1232 1
1988 28667 1
2354 25614 1
9 28517 1
1835 2336 1
1237 26069 1
2365 26251 1
2334 23231 1
28350 28382 1
39 25662 1
1247 28116 1
26069 28360 1
9 27800 1
23192 28641 1
1950 25202 1
46 25615 1
1962 28592 1
1941 2248 1
28023 28483 1
1234 2337 1
2289 25344 1
2334 28669 1
60 26123 1
46 28694 1
1030 20433 1
2078 26060 1
20436 28735 1
2333 28681 1
2289 21722 1
26092 28555 1
27607 28517 1
1835 28492 1
39 25721 1
1988 28668 1
26060 26091 1
32 28696 1
1937 25926 1
25613 28023 1
2329 28716 1
9 27124 1
25202 26076 1
25344 28694 1
23231 28023 1
2387 28745 1
23189 28339 1
2333 26102 1
2366 26092 1
1830 26074 1
25344 28494 1
2335 28030 1
9 28356 1
25913 26252 1
1235 24643 1
2366 28662 1
2304 25786 1
26060 28357 1
28641 28665 1
2552 28692 1
26109 26129 1
1988 2363 1
4039 26123 1
2329 25205 1
1231 1246 1
900 1962 1
20465 26139 1
2334 25926 1
25640 26129 1
26073 28692 1
950 26078 1
53 28161 1
1234 26075 1
2360 23356 1
2068 26069 1
25 1798 1
1461 1962 1
2304 28113 1
1243 28023 1
2337 26075 1
1238 28692 1
25613 28617 1
53 28670 1
26129 28554 1
1235 28334 1
32 28386 1
4039 25713 1
1798 20436 1
9 1250 1
28482 28490 1
2334 28023 1
25547 26252 1
20433 28696 1
28480 28558 1
2335 28554 1
26070 28023 1
27 28740 1
23356 26076 1
483 20465 1
25913 26073 1
9 2356 1
26062 26139 1
2034 24786 1
20466 25644 1
29 26076 1
2361 26129 1
28641 28656 1
2390 28672 1
1246 25547 1
1230 1246 1
1233 25611 1
1246 26251 1
1239 20436 1
26103 28432 1
881 20433 1
28 28328 1
32 1241 1
7 23356 1
24643 25913 1
25 28330 1
26060 27451 1
7 28421 1
25713 26062 1
25 28105 1
1238 23192 1
28350 28361 1
7 25721 1
7 25211 1
2337 28116 1
25344 28554 1
26103 28736 1
25 28400 1
7 28617 1
32 1935 1
9 28473 1
27 1238 1
39 26081 1
2365 25611 1
20466 28656 1
26067 26123 1
2360 2403 1
28116 28358 1
2366 25718 1
1835 2027 1
1229 26073 1
2356 27607 1
9 28067 1
25637 25643 1
32 28735 1
28490 28564 1
1991 2366 1
2333 20465 1
26102 28504 1
1002 20436 1
1835 25661 1
25 1243 1
39 1249 1
60 25766 1
25718 25720 1
26060 28671 1
9 28743 1
26060 28545 1
1709 25344 1
1228 28554 1
2356 4039 1
24786 24789 1
28374 28375 1
28644 28663 1
7 2336 1
25614 26078 1
1962 28717 1
24643 28699 1
28503 28505 1
2034 2057 1
2390 26252 1
2329 25766 1
26251 28735 1
25344 25642 1
28320 28357 1
9 2080 1
2078 21722 1
1941 20437 1
1950 2331 1
25 26120 1
1774 1835 1
1935 1950 1
26067 26073 1
1232 4039 1
1970 28068 1
28336 28418 1
28330 28402 1
28714 28715 1
2390 28698 1
25344 28007 1
20433 27607 1
7 28555 1
7 28611 1
28525 28527 1
2403 28714 1
2390 24789 1
27 1234 1
2356 25661 1
1988 27929 1
25916 26075 1
20466 28694 1
2360 25721 1
27 20433 1
1233 25547 1
1247 25713 1
1753 1754 1
26060 28743 1
26252 28458 1
2417 23189 1
965 25608 1
1835 28357 1
1234 28023 1
60 1935 1
46 53 1
25 1941 1
2335 28702 1
20466 28680 1
1244 25613 1
20466 28617 1
28662 28670 1
28512 28586 1
2387 28646 1
26123 28068 1
18 1774 1
25344 28740 1
2363 28669 1
26068 26120 1
27 2331 1
2390 28645 1
24643 27607 1
1249 20466 1
23230 28672 1
1236 23189 1
26066 26070 1
18 28711 1
27 28688 1
2414 26073 1
1239 25202 1
18 25720 1
2333 28662 1
1669 2335 1
2390 20437 1
25344 25645 1
1233 20437 1
4039 20437 1
20439 26078 1
28507 28545 1
1970 26123 1
1937 2358 1
9 28290 1
1962 28727 1
25713 28337 1
39 26067 1
2332 28714 1
1250 26103 1
28482 28485 1
2304 8620 1
23230 28325 1
2304 28646 1
27 1244 1
28490 28499 1
26102 28497 1
25 1246 1
1238 25613 1
1232 2366 1
2315 28668 1
2248 26102 1
1 26103 1
28334 28377 1
1241 2403 1
