2360 19091 762
1835 2360 289
36 2335 207
1988 25547 200
2360 25547 198
2304 2366 194
2335 20437 179
20437 26067 177
2366 20437 174
1835 19091 174
1835 1988 168
1962 2304 164
2360 2366 158
2360 20436 151
2360 20437 144
7 20437 136
2360 20465 135
7 20465 133
1962 2360 127
2335 2360 126
39 20437 118
2335 20436 118
7 2360 115
2335 2366 115
20433 20436 112
2366 20436 103
2304 25547 100
7 2366 99
2335 20433 94
1962 20437 94
7 2335 91
1988 26102 89
1962 1988 87
20437 25547 86
2304 20436 85
20436 20437 84
2304 2335 84
7 20436 82
1988 19091 80
39 1962 79
2335 25547 78
7 19091 77
39 1988 76
19091 25547 75
39 20465 75
20465 25547 72
2304 2360 71
1988 2360 70
7 25547 70
7 1835 68
7 1988 66
19091 20465 65
1962 25547 65
2304 20433 64
2335 20465 64
1835 2335 64
1835 2366 64
1962 20436 63
20437 20465 63
2335 20466 61
2304 20437 61
1988 2304 61
39 20433 60
7 20433 60
39 2366 59
1962 19091 59
2366 25547 59
1988 2366 59
1988 20436 59
20436 25547 58
20436 20465 57
1835 20433 56
39 2335 56
7 27724 55
20437 20466 55
1962 2335 55
7 1962 53
1962 20466 53
1835 26060 51
1835 2304 50
2360 26103 49
1835 20437 48
9 2304 47
20433 20437 47
1988 2335 46
20437 26102 46
1962 2366 45
2335 26102 44
25547 26102 43
1962 20433 42
2366 20433 42
1988 20465 41
20433 25547 41
1988 20433 41
20437 26103 39
1835 20465 39
2366 20466 38
2366 20465 38
2360 24643 38
20466 25547 37
39 25547 37
7 23230 36
9 1988 36
2360 23230 35
39 20436 35
25547 26060 35
18 2304 35
20465 26102 35
27720 27724 34
2360 20433 33
32 2304 33
39 2360 32
39 20466 31
39 26102 31
1988 20437 31
20436 26102 31
2366 26102 31
2335 19091 31
2304 20465 31
7 2304 31
32 20437 31
20465 27712 30
2360 26060 30
19091 20433 30
1962 23230 30
2304 20466 30
1835 1962 29
25 20437 29
1835 20436 29
25 1962 29
18 2360 29
27696 27701 28
19091 20436 28
20433 20466 28
25 2304 28
7 25 28
18 20465 28
7 21722 27
9 26060 27
20465 26076 27
7 27696 26
20465 26060 26
2360 26102 26
32 2335 25
19091 20437 25
7 26076 25
7 39 24
20437 23230 24
7 18 24
1962 26102 24
23230 27724 24
20437 24643 24
39 26074 24
2366 23230 23
18 20437 23
32 1988 23
1988 23230 23
20466 26102 22
20433 20465 22
2366 19091 22
9 20437 22
1835 27724 22
18 20436 21
25 2335 21
1988 24643 21
53 20437 21
2304 23230 21
19091 26102 21
32 20436 21
20433 23230 20
1962 20465 20
20466 27668 20
2304 19091 20
9 20433 20
1835 25547 20
20465 26103 20
26074 26075 20
2335 26060 20
23230 25547 19
27720 27722 19
2366 24643 19
25 20436 19
23230 27712 19
20436 20466 19
2366 26060 19
25 20433 19
20433 27712 18
19091 27712 18
39 19091 18
25547 26103 17
19091 26060 17
2335 27713 17
1835 23230 17
7 26102 16
2335 24643 16
20436 26060 16
39 1835 16
2304 26102 16
19091 20466 16
9 2366 16
20465 20466 16
19091 27694 16
18 2335 16
18 20466 16
20433 26060 15
39 2304 15
1962 24643 15
1988 20466 15
9 2335 15
2335 27712 15
2366 26073 15
1935 2360 15
19091 23230 14
2304 26060 14
7 26060 14
25 2360 14
23189 25547 14
7 53 14
2360 20466 14
18 25547 14
20433 26102 14
53 2360 14
9 25547 13
2366 27701 13
9 1962 13
2335 23189 13
2304 26075 13
39 27712 13
26102 26123 13
20466 24643 13
20436 26076 13
60 20466 13
25 25547 13
32 20465 13
53 1962 13
9 20465 12
39 26076 12
53 27712 12
32 25547 12
32 26103 12
2304 26076 12
2304 26103 12
25 1988 12
53 20465 12
20437 26060 12
2304 24643 12
1988 23189 12
25547 26067 12
20465 24643 12
46 2304 12
1962 26078 12
39 26060 12
25 2366 11
1962 26060 11
20465 27724 11
53 20433 11
9 20436 11
1962 27712 11
24643 27712 11
19091 24643 11
32 24643 11
1962 26075 11
26251 26252 10
39 27668 10
20465 27711 10
25 20465 10
1231 2360 10
7 32 10
18 19091 10
1988 27724 10
27711 27713 10
20433 26073 10
2366 26078 10
39 53 9
1935 26102 9
27694 27707 9
2366 27668 9
26092 26123 9
53 23230 9
32 2366 9
9 20466 9
1988 26076 9
1988 26129 9
27712 27722 9
18 2366 9
1988 26123 9
60 20433 9
20436 23230 9
26073 27713 9
32 27713 9
2366 27714 9
1835 26062 9
23230 26060 9
18 20433 9
53 26103 9
23230 27714 8
23192 27714 8
19091 27607 8
20433 27724 8
2360 23189 8
36 27607 8
2335 26062 8
2366 26123 8
27712 27716 8
2366 26076 8
20437 27713 8
34 2414 8
60 2335 8
20437 26078 8
23189 26102 8
1835 26076 8
18 1962 8
23189 23192 8
1988 25637 8
53 26102 8
32 1962 8
9 23230 8
20465 21722 8
23230 26076 8
39 46 8
20433 26076 8
26073 27714 8
7 60 8
26060 27713 8
26064 26067 8
7 2337 8
1835 27694 8
39 26103 8
1835 26073 7
34 2335 7
7 26073 7
2304 26074 7
26252 27607 7
2335 26103 7
39 23189 7
39 60 7
60 27712 7
20436 27713 7
26075 26089 7
2335 27724 7
20465 23189 7
26123 26251 7
1988 26078 7
2360 27724 7
46 20465 7
9 25 7
32 26060 7
2304 27712 7
9 19091 7
18 27712 7
1232 1988 7
1988 26073 7
18 53 7
7 26075 7
26073 26251 7
25 1835 7
1962 26129 7
53 2304 7
26060 26076 7
53 20466 7
19091 26076 7
1835 26102 7
26060 27722 7
32 1835 7
1988 26060 6
32 19091 6
1231 25547 6
7 27714 6
1232 27712 6
20437 27712 6
18 26102 6
2335 23230 6
26102 26103 6
1231 1988 6
7 46 6
25547 26252 6
2335 27694 6
1991 27672 6
2360 25881 6
53 2366 6
1835 20466 6
26078 26102 6
1835 25611 6
60 1835 6
1231 2335 6
7 27668 6
2335 26075 6
2331 20436 6
2360 27668 6
1233 2360 6
25 19091 6
2360 27713 6
1835 21722 6
26075 27713 6
27716 27724 6
1232 2360 6
9 26075 6
2335 27714 6
26075 27711 6
1988 26089 6
39 24643 6
18 1835 6
2335 26076 5
2335 27668 5
9 18 5
1962 26089 5
9 2360 5
2335 23192 5
25 39 5
60 23230 5
2360 26067 5
1935 20433 5
7 20466 5
20436 24643 5
2304 21722 5
23230 24643 5
26251 27607 5
39 4039 5
53 1835 5
25 26060 5
18 24643 5
1835 24643 5
25637 25881 5
26060 26074 5
25202 26103 5
60 20465 5
2360 27701 5
2360 27712 5
7 27713 5
20433 26075 5
32 20433 5
2335 27685 5
2304 2337 5
26092 27607 5
19091 26073 5
9 24643 5
23230 26078 5
2335 21722 5
20433 27668 5
2331 2360 5
19091 26075 5
1937 2335 5
9 26065 5
1950 2335 5
26103 27712 5
60 26102 5
60 2304 5
2304 26129 5
1988 4039 5
20437 27720 5
9 27711 5
20437 27724 5
9 26103 5
20465 27668 5
2335 26069 4
53 19091 4
2304 27713 4
36 25547 4
1228 1988 4
2304 26064 4
20465 23230 4
53 25547 4
1239 2335 4
32 60 4
1233 1238 4
2304 23189 4
1962 27714 4
25913 27712 4
2360 26076 4
2360 26104 4
2304 25881 4
7 26074 4
1835 27720 4
34 2366 4
20465 27694 4
25713 27712 4
1962 23189 4
2304 26251 4
26073 26074 4
26060 27712 4
34 27712 4
32 26102 4
2360 26073 4
39 27714 4
2335 2414 4
27722 27724 4
9 1835 4
26073 26252 4
20436 27714 4
32 2360 4
2335 26129 4
26069 27701 4
25637 25713 4
2335 27722 4
2331 26060 4
25547 27668 4
19091 27701 4
1935 25547 4
24643 26060 4
25547 26089 4
26075 26251 4
1235 1239 4
34 2360 4
19091 26062 4
25547 25881 4
46 20436 4
20436 26075 4
26102 27714 4
60 2366 4
26060 26079 4
60 25547 4
20436 21722 4
1937 25547 4
2304 26123 4
1988 2337 4
19091 26103 4
32 2337 4
1232 20437 4
9 27696 4
1988 26074 4
34 20465 4
9 60 4
20433 26103 4
2360 27607 4
25547 26129 4
20465 26252 4
2335 26078 4
1835 26078 4
20465 26075 4
23189 25202 4
26060 26102 4
25 21722 4
25547 26073 4
2360 2414 4
36 19091 4
18 25 4
23189 25637 4
1231 1962 4
26075 27716 4
26060 27714 4
7 27712 4
20437 26062 4
39 23230 4
1835 23189 4
26089 26252 4
2337 2414 4
32 39 4
7 26078 4
1962 1991 4
1840 2059 4
1935 26103 3
1835 27668 3
26060 27711 3
60 20436 3
2360 26075 3
60 24643 3
1232 27668 3
20433 27720 3
20437 26073 3
1231 1835 3
1988 26103 3
25547 27712 3
46 2366 3
19091 27724 3
2366 26103 3
20437 23189 3
9 46 3
25611 26060 3
2360 25637 3
34 1988 3
25611 25881 3
60 19091 3
39 1239 3
1238 20437 3
26089 26102 3
1962 26076 3
18 26103 3
1937 20465 3
26076 26252 3
4039 26102 3
9 26074 3
2304 2414 3
7 1232 3
1935 2304 3
9 26102 3
20466 26129 3
19091 23189 3
7 9 3
27707 27712 3
20465 26063 3
1835 27714 3
20433 27713 3
26076 26078 3
2366 23189 3
36 26103 3
26060 27724 3
26075 26076 3
7 36 3
20466 26076 3
1835 1937 3
32 20466 3
20433 24643 3
2335 27686 3
24643 26075 3
1241 20465 3
53 26089 3
1935 20465 3
1239 1988 3
18 39 3
1937 1988 3
1235 1962 3
23230 26102 3
7 24643 3
1231 26060 3
2335 25637 3
20465 27722 3
20433 27722 3
53 20436 3
18 27668 3
2331 2335 3
2304 23192 3
2360 27714 3
1241 2366 3
1835 26123 3
1231 2366 3
1988 26062 3
26123 27712 3
1840 20437 3
1232 20465 3
1988 21722 3
1835 26251 3
2366 27712 3
26060 26073 3
23192 25611 3
2366 27718 3
2335 25611 3
20466 23230 3
23230 27711 3
7 1231 3
1935 19091 3
60 26060 3
20466 26073 3
20466 26089 3
4039 19091 3
2304 2390 3
1988 27714 3
1239 2304 3
2360 26129 3
2360 26123 3
19091 25637 3
2366 27724 3
26073 27607 3
2337 26064 3
27714 27724 3
20437 25766 3
32 26075 3
1835 2337 3
20437 27722 3
1988 25611 3
36 20437 3
20436 26073 3
20436 26252 3
2304 26073 3
25 23230 3
2335 27701 3
2366 26075 3
1962 27713 3
27707 27714 3
1232 2304 3
1835 27607 3
53 27668 3
26073 27712 3
7 2414 3
9 39 3
20465 26129 2
34 20437 2
26129 26251 2
1241 26064 2
2366 26129 2
53 26060 2
20437 27694 2
25 1935 2
2366 27722 2
1230 20436 2
1962 2414 2
4039 27713 2
25547 26075 2
18 23189 2
26078 27713 2
1835 25766 2
20436 26129 2
2304 26089 2
46 26076 2
20466 25611 2
26060 26251 2
1962 27711 2
1937 26252 2
1235 20433 2
2366 27694 2
2366 27698 2
1937 2304 2
20466 26062 2
20437 27711 2
20437 27668 2
26073 26102 2
23189 24643 2
20437 25637 2
20465 25881 2
26076 26123 2
2414 20433 2
25637 27712 2
20465 26064 2
24643 26103 2
23189 25881 2
20433 25611 2
4039 20436 2
1241 2335 2
1232 1234 2
2304 25611 2
53 27711 2
1232 25547 2
21722 26075 2
1937 2360 2
25 26075 2
1239 2366 2
4039 20437 2
39 27672 2
20465 26123 2
26075 27607 2
26076 26104 2
2337 25547 2
39 26252 2
2331 20465 2
24643 25547 2
26075 26252 2
25611 25637 2
1238 1239 2
2304 27694 2
2366 27707 2
24643 26062 2
23230 27707 2
26062 26063 2
24643 27711 2
2360 21722 2
1233 26103 2
2366 27696 2
20465 25637 2
20465 26073 2
20437 26069 2
1231 1234 2
1241 2360 2
20466 27607 2
1228 26074 2
20436 26103 2
2331 2417 2
1247 26060 2
26120 26123 2
2360 4039 2
20433 27711 2
483 2335 2
23230 26073 2
2360 26062 2
7 25589 2
20465 26089 2
1247 2335 2
26060 27716 2
23189 26089 2
60 1962 2
1991 26079 2
27714 27716 2
2360 2390 2
21722 26060 2
2335 25881 2
2365 20433 2
1232 27714 2
20465 27707 2
19091 27713 2
483 27712 2
1238 2304 2
2335 26089 2
2360 26061 2
2304 26252 2
1231 1239 2
60 1988 2
25547 26078 2
26062 26065 2
1241 27712 2
21722 25547 2
1241 20433 2
19091 26074 2
26069 27712 2
20436 27712 2
1231 1236 2
19091 26064 2
2304 26065 2
39 26078 2
2337 26073 2
25202 26060 2
19091 26089 2
1235 20436 2
19091 27720 2
1935 2335 2
2331 26102 2
32 1241 2
7 26252 2
7 26251 2
1988 20443 2
7 27711 2
1242 27694 2
39 27724 2
1241 1988 2
2304 27722 2
1231 2304 2
53 24643 2
1988 25881 2
19091 26129 2
53 2335 2
4039 20465 2
19091 27714 2
7 2331 2
2304 26104 2
24643 27724 2
2366 21722 2
20465 26251 2
53 1988 2
1231 20465 2
46 26102 2
1835 27712 2
2335 26073 2
34 27607 2
27694 27724 2
1937 27694 2
1228 20466 2
60 27720 2
36 20466 2
24786 25611 2
2414 26102 2
1935 20437 2
25202 25205 2
20436 27707 2
9 26073 2
26064 26069 2
1835 26074 2
7 26129 2
20437 26252 2
7 1840 2
25713 27694 2
26074 27607 2
34 20466 2
36 2366 2
25202 27712 2
2366 25611 2
25547 27694 2
26089 26251 2
2304 4039 2
27712 27713 2
1835 27722 2
24643 27713 2
32 26089 2
1232 20436 2
965 25611 2
21722 27696 2
1937 26075 2
1937 1991 2
20437 26076 2
19091 27696 2
20433 21722 2
1937 21722 2
7 23189 2
1950 25611 2
1235 1988 2
18 46 2
24643 27696 2
26251 27724 2
46 20433 2
46 2335 2
9 26089 2
1835 26104 2
18 25766 2
7 25637 2
26060 26082 2
23230 26074 2
25611 25766 2
21722 27714 2
1233 20465 2
36 2360 2
24786 25713 2
7 26123 2
2414 20436 2
1238 23230 2
2360 26089 2
26069 27724 2
1232 26102 2
1935 23189 2
26092 26252 2
25 26102 2
25202 25766 2
2304 27665 2
1235 26103 2
18 26062 2
20436 23189 2
1962 26103 2
2335 26251 2
1233 1962 2
46 1988 2
25 26073 2
26102 27713 2
25547 25713 2
2366 2414 2
1950 1988 2
27712 27724 2
2390 26103 2
1233 25547 2
1935 1962 2
27713 27714 2
25 2414 2
2366 27685 2
1239 20433 2
36 26074 2
1238 1962 2
34 26074 2
19091 26067 2
2414 24643 1
1840 1991 1
23230 26092 1
20465 27713 1
27707 27735 1
2337 20465 1
26062 26064 1
1244 1835 1
964 965 1
2331 2414 1
26068 26120 1
1962 26079 1
26092 27712 1
20466 27716 1
965 20436 1
2335 26063 1
1950 20466 1
32 26067 1
1228 20465 1
1935 20436 1
2360 26120 1
20437 26075 1
20443 26076 1
20465 26070 1
1840 27672 1
1835 26075 1
26120 27607 1
965 1988 1
1231 19091 1
1835 26068 1
1935 23230 1
7 27716 1
1988 26075 1
1232 2335 1
26123 26252 1
27607 27712 1
26068 26103 1
53 26123 1
2360 26078 1
1840 25547 1
2360 26064 1
9 27713 1
39 26062 1
2 25 1
26102 26251 1
23230 26082 1
25 24643 1
18 1231 1
26120 26252 1
24786 25881 1
27707 27731 1
20436 27720 1
1230 19091 1
20433 25881 1
23192 24786 1
27607 27720 1
2304 27724 1
1835 26065 1
2331 27714 1
25 27711 1
2366 25202 1
1937 24643 1
19091 26078 1
1231 26104 1
34 39 1
1835 27701 1
2360 2387 1
26073 26075 1
24643 26123 1
964 20433 1
20437 26251 1
4039 24643 1
18 27720 1
1988 27712 1
20433 26074 1
1234 1988 1
1937 20437 1
19091 25881 1
53 27724 1
34 20436 1
23230 26129 1
18 2414 1
1937 2366 1
26076 26092 1
26060 27663 1
1242 2335 1
23230 26103 1
39 25637 1
20466 25713 1
46 60 1
20437 25913 1
1241 20466 1
25637 26060 1
36 39 1
2360 26079 1
2335 26064 1
2390 25547 1
23230 26075 1
1835 27711 1
26068 26123 1
60 26075 1
34 2304 1
18 26076 1
26073 26076 1
1235 2360 1
1988 2390 1
26251 27720 1
19091 27716 1
27685 27686 1
2 18 1
46 53 1
1239 2360 1
20436 25916 1
1935 26078 1
23230 25637 1
2337 26102 1
2335 2417 1
27711 27712 1
1461 27714 1
1937 26102 1
2365 19091 1
53 2331 1
20433 27735 1
1937 20436 1
39 26104 1
18 25637 1
1232 23230 1
25547 27707 1
1962 2337 1
18 26073 1
23230 27607 1
26065 26071 1
25637 26064 1
2335 27607 1
26062 26123 1
7 27607 1
27694 27714 1
2304 26063 1
26060 26075 1
39 1231 1
2304 2417 1
2335 4039 1
46 1835 1
1835 27672 1
1962 25881 1
1935 24643 1
1461 26078 1
20465 26062 1
20433 26079 1
25881 26064 1
1988 2414 1
2387 20465 1
20466 25637 1
9 32 1
234 2360 1
27701 27720 1
4039 20433 1
26078 26251 1
25 26129 1
26076 27714 1
2365 20436 1
53 27720 1
25637 25766 1
1241 23230 1
26060 27696 1
900 26089 1
39 26123 1
18 23230 1
25547 26062 1
24643 27727 1
2304 25205 1
23231 24643 1
1244 23230 1
32 25202 1
20465 26074 1
1937 27714 1
23189 27668 1
1840 1962 1
1233 20437 1
23192 25766 1
2360 27685 1
19091 27668 1
1840 2366 1
1233 26102 1
23192 25947 1
1238 20465 1
19091 21722 1
25 34 1
1233 23230 1
27696 27713 1
27716 27720 1
60 2360 1
1228 25547 1
1991 2335 1
4039 26060 1
25 53 1
1242 27714 1
39 26075 1
26075 26102 1
34 20433 1
24786 27713 1
26067 26069 1
32 27724 1
46 26060 1
60 26129 1
1234 1937 1
20465 26069 1
1238 2360 1
1235 25547 1
1238 1988 1
20433 27707 1
1935 27671 1
25 900 1
2335 26120 1
1238 2366 1
39 26251 1
1835 26103 1
26062 26069 1
20436 26062 1
20437 24786 1
20436 26123 1
1230 1962 1
2366 27713 1
19091 27707 1
2335 25766 1
1242 1835 1
20436 25713 1
26123 27713 1
26103 27707 1
1236 2304 1
27671 27672 1
1231 20466 1
24643 26073 1
20436 27722 1
39 27716 1
1835 26069 1
27720 27731 1
1236 26073 1
1962 25611 1
1232 26103 1
24643 25611 1
24643 27716 1
26092 26102 1
24643 27694 1
26120 26251 1
60 20437 1
1937 26092 1
1937 27716 1
1988 23192 1
20433 25637 1
1232 2366 1
27607 27716 1
9 26078 1
2335 2387 1
1234 19091 1
20436 25611 1
1232 1235 1
2304 27714 1
25913 27713 1
25713 25947 1
2366 27711 1
1239 26123 1
2417 20436 1
27694 27712 1
27694 27720 1
1239 20465 1
1232 26251 1
27716 27722 1
32 2387 1
26076 26102 1
34 1962 1
20465 26078 1
39 1232 1
35 2304 1
23231 26251 1
24643 26102 1
18 27685 1
20437 26064 1
1239 25547 1
1835 26252 1
46 19091 1
26062 27607 1
1840 20465 1
24643 25913 1
53 1937 1
24643 25637 1
27607 27724 1
18 1233 1
32 27711 1
1937 19091 1
965 20433 1
32 26129 1
23230 25881 1
23192 26073 1
18 26060 1
34 2331 1
26076 26089 1
26068 27607 1
26063 26068 1
2366 26104 1
2387 20437 1
19091 27711 1
2337 24643 1
1937 26060 1
25 26089 1
46 20437 1
26063 26103 1
20433 27698 1
1835 25637 1
26065 26075 1
24643 27714 1
25205 25881 1
2335 2337 1
234 1935 1
20466 27724 1
26078 27714 1
27720 27727 1
23189 26129 1
1835 26071 1
25 1950 1
27701 27707 1
24786 25202 1
26064 26076 1
26074 27704 1
53 25766 1
20466 23189 1
1835 1935 1
1840 20436 1
2304 26078 1
9 25202 1
2387 24643 1
18 2331 1
1962 4039 1
2304 25637 1
25 23189 1
20437 26074 1
1950 20436 1
1937 26104 1
1231 20437 1
2 2335 1
2366 2670 1
7 26103 1
25 2331 1
1232 27713 1
1962 27720 1
36 20465 1
26123 27607 1
9 26069 1
20433 26252 1
2414 20437 1
483 25547 1
39 27722 1
19091 25202 1
20465 27607 1
1935 26074 1
24643 27722 1
1233 2304 1
26065 26069 1
26065 27607 1
2390 23230 1
39 1233 1
26074 26251 1
39 20443 1
1231 26102 1
7 25611 1
2414 2417 1
1988 25713 1
26074 26076 1
1937 1962 1
2360 25611 1
2335 26252 1
2360 27716 1
20466 27720 1
34 26060 1
36 2304 1
46 20466 1
1239 20436 1
1835 27698 1
35 27663 1
25 36 1
26074 26089 1
32 1242 1
1835 26092 1
23230 27713 1
7 26079 1
46 25547 1
60 1234 1
1935 26089 1
21722 25713 1
25547 25637 1
27704 27706 1
18 32 1
46 2360 1
2390 20436 1
2331 25916 1
2414 26075 1
39 2414 1
1230 2360 1
483 20433 1
26082 27711 1
20465 25611 1
2360 25713 1
39 25611 1
1835 26089 1
2 25547 1
53 27722 1
1835 27707 1
24786 27712 1
9 25766 1
26102 26129 1
20437 27714 1
2366 25881 1
1962 25637 1
32 27720 1
23230 27706 1
26070 26076 1
26063 26123 1
1232 19091 1
1231 1937 1
25637 26074 1
7 26089 1
39 27707 1
2670 27718 1
2331 20437 1
1231 24643 1
1239 19091 1
1230 20437 1
1239 26102 1
1937 26129 1
25913 27722 1
2360 27672 1
1231 1238 1
2360 26251 1
2390 25637 1
20436 25637 1
2366 4039 1
