2304 2366 95
7 2304 74
1835 2366 66
9 39 56
39 23230 53
7 23230 47
7 20466 47
2304 23230 45
1988 20433 45
2304 20436 43
7 20465 42
9 1988 41
2304 2360 41
20466 23230 36
7 1988 36
2304 20466 35
39 20433 35
9 2304 34
7 20437 33
20465 20466 33
2304 20437 32
9 2335 32
9 20437 31
9 23230 31
7 1962 30
39 20466 29
9 2366 29
20437 20466 29
2335 20437 28
7 2360 28
9 20466 28
1962 2304 28
2366 20436 28
9 1962 27
1988 23230 27
7 26060 27
7 1835 27
7 2366 26
2366 20437 26
2304 20433 26
39 1988 25
9 20465 25
39 2304 25
39 20437 24
9 26060 24
23230 26060 23
2360 20437 23
1988 20466 23
7 20433 22
2304 26060 22
1835 20436 21
1835 2335 21
7 26102 21
1962 1988 21
7 2335 21
7 20436 21
20437 23230 20
9 20433 20
2335 23230 19
46 1988 19
20437 26060 19
20465 23230 19
39 1962 19
1835 20433 19
9 1835 19
2304 20465 18
2304 26102 18
20465 26060 18
1835 20466 18
20433 20436 18
39 26060 18
1962 23230 18
20433 20437 17
1988 26102 17
9 20436 17
1988 2304 17
1835 2304 16
2334 20436 16
1835 20437 15
39 2335 15
20436 20465 15
2335 2360 15
9 26102 15
7 46 15
2366 20466 14
39 26102 14
39 20436 14
20466 26060 14
2360 2366 14
1835 20465 14
1988 2335 13
1988 26060 13
39 20465 13
2360 23230 13
39 2366 13
25 1988 13
46 20466 13
2366 20465 12
39 2360 12
20433 26060 12
20433 26102 12
2360 20466 12
1962 2360 12
20437 26103 12
7 26049 12
20433 20466 11
20433 23230 11
25 2360 11
1988 20437 11
2366 20433 11
25 23230 11
9 26103 11
2366 26060 11
2360 26049 11
25 20466 10
2335 20436 10
2304 21722 10
2304 26103 10
2366 26102 10
32 23230 10
23230 26102 10
46 20465 9
2335 26060 9
1835 23230 9
2304 26078 9
7 26078 9
1988 26049 9
20436 26060 9
26060 26102 9
2335 20465 9
20437 26102 9
2360 20436 9
1988 2366 9
20433 20465 8
2360 20433 8
7 26129 8
2360 26103 8
2304 2335 8
1962 20433 8
20436 23230 8
1962 20465 8
1988 20436 8
2335 2366 8
20465 21722 8
2360 20465 8
23230 26049 8
2366 23230 8
20436 26102 8
39 1835 8
1835 1962 7
2335 20433 7
26102 26103 7
21722 23230 7
2335 26102 7
1962 2366 7
1988 2360 7
32 2304 7
9 2360 7
1988 20465 7
1962 20436 7
2304 26049 7
23230 26078 6
32 39 6
1962 20437 6
1962 2335 6
7 39 6
32 26060 6
7 26103 6
7 21722 6
39 26103 6
2335 20466 6
1962 26060 6
23230 26103 6
20437 20465 6
20466 26049 6
1835 26049 6
53 20466 6
32 1962 6
1835 26060 6
2366 25916 5
20437 26049 5
20436 20466 5
32 1988 5
7 60 5
18 20433 5
46 20433 5
26049 26060 5
60 26060 5
2360 26060 5
25611 25916 5
25 2304 5
46 23230 5
46 26060 5
18 2304 5
2334 20433 4
39 4039 4
9 26078 4
20465 26078 4
1962 26102 4
2335 26049 4
7 9 4
7 25 4
2304 24643 4
25205 25916 4
2360 26102 4
20466 26103 4
53 1962 4
20433 26129 4
25 26060 4
18 1988 4
4039 20465 4
2366 26078 4
20437 26078 4
32 26102 4
9 26049 4
1239 1835 4
25 26049 4
1835 2360 4
9 4039 3
20466 26078 3
1962 20466 3
46 20437 3
7 18 3
2335 26078 3
46 1962 3
23230 26129 3
7 25637 3
20465 26049 3
25 60 3
1835 26102 3
39 1239 3
18 20437 3
25611 25637 3
26089 26712 3
18 1962 3
2366 25202 3
2304 26069 3
53 2360 3
2360 24643 3
26060 26103 3
2335 21722 3
39 26129 3
2304 2414 3
60 20437 3
2304 2390 3
32 20433 3
60 1962 3
18 53 3
1835 26103 3
20466 26129 3
7 2403 3
20465 24643 3
2335 24643 3
2337 2366 3
1962 26103 3
2337 20465 2
9 2403 2
2360 26078 2
1234 2335 2
1835 4039 2
26060 26129 2
1835 1988 2
18 23230 2
1962 26129 2
7 32 2
53 1988 2
60 23230 2
20465 26129 2
20437 25916 2
25 1962 2
1835 26078 2
53 2366 2
9 25637 2
1835 26129 2
25 26078 2
7 2334 2
25 1835 2
20436 26049 2
7 1244 2
46 1835 2
18 1835 2
2304 4039 2
7 24643 2
53 23230 2
1244 26060 2
1988 26078 2
25 20433 2
26049 26103 2
32 20437 2
2366 24643 2
39 26078 2
2403 20436 2
2304 25913 2
9 1239 2
25202 26049 2
53 26060 2
53 2304 2
2360 26129 2
1239 2304 2
26049 26102 2
53 26102 2
32 2334 2
32 2335 2
39 26123 2
46 26102 2
2360 21722 2
26060 26078 2
39 26049 2
46 26129 2
53 21722 2
9 1247 2
20433 26078 2
60 26049 2
26078 26102 2
20436 20437 2
39 21722 2
2331 23230 2
7 53 2
20465 25637 2
1835 25916 2
9 24643 2
20436 26129 2
25 46 2
2366 26069 2
1962 26049 2
46 26712 1
1239 1962 1
32 53 1
1232 20466 1
21722 26102 1
1231 1239 1
1230 1244 1
20 20437 1
25 20437 1
46 2335 1
1234 1962 1
18 46 1
53 1228 1
32 25202 1
2360 25637 1
1247 1962 1
18 20436 1
1231 26060 1
1244 20466 1
1247 20466 1
21722 26103 1
1835 26069 1
2366 25611 1
23230 24643 1
60 1835 1
1988 26069 1
1247 2366 1
1988 26103 1
1239 26049 1
20 21722 1
23230 25611 1
20433 25637 1
4039 26103 1
32 2366 1
32 20466 1
2360 2417 1
1230 1234 1
53 2335 1
2304 2331 1
931 2304 1
2414 23230 1
26103 26712 1
20433 25202 1
9 46 1
7 2390 1
9 26085 1
2334 21722 1
46 25637 1
39 2331 1
1962 26123 1
26076 26085 1
2335 25611 1
1238 20433 1
20466 25611 1
1239 1244 1
20433 26103 1
2304 26129 1
1988 25637 1
21722 26129 1
1247 1988 1
26123 26712 1
20436 26089 1
881 20433 1
23230 25637 1
1962 24643 1
25 20436 1
9 60 1
60 2304 1
25202 25637 1
1244 2335 1
1709 20466 1
1244 23230 1
4038 26103 1
53 20433 1
1 20465 1
1247 2304 1
1835 25881 1
1239 1988 1
46 2304 1
46 2366 1
1988 24643 1
18 20465 1
1232 1238 1
20433 26712 1
1244 1962 1
25 26129 1
1239 20436 1
1234 20436 1
21722 24643 1
1962 26078 1
53 26049 1
881 1988 1
25637 25916 1
60 26102 1
25205 25611 1
1835 25202 1
2304 25916 1
234 2414 1
20 26103 1
2360 2403 1
1239 23230 1
32 26712 1
9 21722 1
9 26076 1
20433 25916 1
25611 25881 1
26078 26103 1
20466 24643 1
1988 2361 1
20437 26076 1
9 26123 1
1228 20465 1
2360 25913 1
1247 24643 1
26076 26712 1
2331 20466 1
1244 2304 1
1835 25913 1
234 2304 1
32 1835 1
25 53 1
25 2361 1
1244 26712 1
4039 23230 1
39 1230 1
2335 2337 1
25205 25881 1
2390 20465 1
20 1988 1
1962 2417 1
9 1233 1
46 26103 1
20 23230 1
1835 21722 1
1239 2335 1
2337 26049 1
20436 26078 1
2337 20466 1
1247 23230 1
20433 26069 1
234 1835 1
18 26078 1
2390 20433 1
2335 25202 1
25 25913 1
2366 26089 1
1234 1238 1
53 26103 1
1238 2304 1
20433 25881 1
39 25637 1
23230 25913 1
46 20436 1
7 25611 1
2334 2366 1
21722 26060 1
25202 25205 1
2403 20433 1
2337 21722 1
2335 4039 1
20465 26102 1
20465 25611 1
39 1233 1
53 26078 1
2331 2414 1
234 931 1
2334 26078 1
1988 21722 1
9 26129 1
60 20466 1
18 2360 1
1 2360 1
18 2335 1
2403 20437 1
20433 21722 1
7 25205 1
2360 25916 1
23230 25202 1
25 26103 1
1244 1988 1
2335 25913 1
25 2335 1
25 26102 1
20 2304 1
20433 26049 1
1238 20437 1
9 1238 1
7 1709 1
1230 1239 1
9 25913 1
1962 21722 1
32 26078 1
9 1244 1
2337 2360 1
53 26129 1
21722 26078 1
9 53 1
2304 26123 1
20433 24643 1
2334 26049 1
1247 26060 1
1988 26089 1
2366 26049 1
25 2366 1
25 39 1
