7 23230 4547
20466 23230 4257
1962 23230 3261
7 1835 3100
9 23230 2974
23230 26060 2597
20465 20466 2592
7 20466 2576
9 1835 2294
1835 18812 2275
7 1962 2225
1835 23230 2142
23230 26102 2031
20466 26060 1945
9 20466 1901
7 26060 1794
7 1988 1766
7 2304 1592
1962 26060 1559
9 1988 1557
2304 23230 1550
1835 26060 1485
9 26060 1417
9 1962 1342
1835 20466 1281
1835 1988 1248
20465 23230 1217
39 23230 1189
7 26102 1125
23230 26078 1090
1988 23230 1069
18 1988 1061
2304 20466 1043
26060 26102 1018
2304 26060 961
1835 1962 900
7 20465 899
9 2304 888
1835 2366 869
2304 2366 865
1962 2304 854
1835 2304 844
9 39 831
7 2335 825
9 26102 791
20466 26078 783
7 26078 747
39 20466 738
20465 26060 709
9 20465 694
1988 20466 682
26062 26068 672
1962 26078 671
39 1962 657
7 18 644
7 25 641
1835 2335 636
1835 26102 622
2304 20465 610
2304 26102 609
1962 1988 607
39 1835 589
2334 20436 587
9 26078 569
7 18812 561
39 26060 552
1962 26102 543
7 2360 541
18812 26060 539
1835 20465 534
1988 18812 532
18 1835 512
2360 18812 510
26060 26078 505
1962 20466 502
2335 23230 485
1988 26102 480
39 2304 479
7 32 477
18812 23230 475
2304 2417 462
2304 2360 462
1988 2304 457
2304 2335 450
2335 2360 445
26078 26102 440
7 20433 437
1835 2360 436
18 23230 434
2335 20466 430
2304 26078 425
1988 20465 424
7 53 419
20465 26078 418
2304 25611 417
25 23230 405
7 60 404
1835 26078 402
32 23230 395
18812 20466 368
20433 23230 363
9 2335 355
20437 26103 350
7 9 348
23230 26129 348
1962 2335 345
1988 26060 326
7 2366 324
1988 26078 322
7 46 316
25 20466 314
7 15 307
2335 25612 306
2335 26060 303
39 20465 301
20466 26129 300
1962 18812 293
39 26102 288
39 1988 286
1988 2335 282
2335 2366 277
2360 2366 268
39 2335 264
1835 20433 263
18 20466 261
2335 28688 257
2304 20433 256
20433 20466 254
7 39 250
25 1835 247
1962 20433 237
25 1988 237
23230 25608 235
7 26129 235
1962 20465 232
2360 23230 232
9 20433 231
26060 26129 230
20433 26060 225
32 20466 224
7 25608 223
32 26060 220
7 20437 219
32 1835 217
39 26078 216
18 1962 215
18812 20465 208
2335 26102 208
1962 26129 204
25 26060 204
20466 26102 202
2304 18812 202
2334 20433 194
9 18812 194
32 1988 192
9 2366 192
23230 26103 187
20465 26102 187
28324 28325 184
23230 25611 183
2360 20466 180
25 1962 176
18812 26102 176
9 2360 175
9 26129 175
2304 25608 174
46 23230 174
32 1962 174
20433 26102 173
2304 20436 170
1962 25608 170
7 25611 170
23230 25547 168
27720 28019 167
25 2304 167
2337 2366 166
39 2366 164
20466 25608 163
2366 20437 163
18 26060 162
23230 26063 162
1835 25608 161
7 2337 161
7 26104 161
20437 23230 161
39 20433 159
7 20436 158
2335 20465 158
32 2304 157
2304 25612 157
20433 20465 157
1835 25611 156
20437 20466 156
26061 26062 156
1988 2360 155
1835 26067 155
2335 20433 147
1835 20437 146
1962 2360 144
20466 26103 144
7 26103 144
2337 2360 143
26060 26103 143
7 25612 142
2335 25717 142
46 20466 141
53 23230 141
1988 20433 139
1835 26129 139
25 26102 138
23230 25612 133
26102 26129 133
2360 26060 132
26062 26064 132
1988 2366 132
25 20465 131
20465 26129 131
60 23230 131
9 25608 131
9 20437 128
2335 28692 127
2366 26060 127
2366 23230 127
2360 20437 126
46 1835 125
25608 26060 125
9 46 124
18 26102 124
20437 26060 122
1835 25612 122
1988 26129 122
39 20436 121
18 18812 121
7 26075 121
1835 2337 121
18812 26078 119
2304 2414 119
2304 26129 119
7 25547 119
18 2304 119
1835 26068 118
2304 20437 117
25547 26060 116
39 2360 116
2331 2417 116
20433 20436 115
2360 20436 115
7 2334 114
28337 28345 114
18 20465 113
2335 26078 113
1835 20436 112
2366 20466 110
7 26073 110
2304 25716 110
20436 23230 108
32 26102 107
2335 20436 106
26078 26129 106
20433 26078 105
20466 25611 105
2360 20465 105
20465 26103 104
20466 25547 104
2304 25713 104
2366 20436 104
9 26103 103
9 25547 103
1962 26103 102
26102 26103 102
2337 23230 99
25713 25716 99
46 26060 97
25611 26060 96
7 25717 96
20465 25608 96
2366 25612 95
60 1835 94
1835 26103 94
2335 20437 94
18812 25608 93
2304 25637 93
2335 18812 92
20437 26102 92
46 1962 90
2335 25913 89
25608 26102 89
7 26074 89
18 26078 89
2304 2334 88
2335 25713 88
2335 25608 88
20465 26063 87
1962 25547 87
46 2304 87
2417 23230 87
1237 23230 86
39 2334 86
53 1962 85
2360 26102 85
25608 25611 85
2366 25611 85
2335 2417 85
25608 26078 84
1835 25717 84
2304 26103 84
9 2337 83
2335 28662 83
60 20466 83
53 20466 83
32 20465 82
9 60 81
20466 25612 81
2331 2335 81
39 18812 81
9 25612 80
39 26129 80
23230 26104 80
1962 25611 80
1962 25612 80
2304 25913 80
20465 26066 80
2304 25717 79
25612 26060 79
7 28337 78
1962 20437 78
1242 20466 78
60 1962 77
23230 28023 77
25 26078 77
1237 20466 77
23230 24643 76
2366 20465 76
53 26060 76
53 1835 76
1962 2366 75
23230 26075 74
7 2417 74
7 1237 74
1835 25547 73
18 2360 73
39 25608 73
2304 2390 73
1237 1835 72
2360 25612 72
7 24643 72
9 18 71
7 26076 71
2417 20466 71
13 26060 71
20466 24643 71
28325 28327 71
1962 28023 70
1247 20466 70
18 2335 70
1237 26060 69
9 26075 69
18 39 69
1835 26075 69
2335 25716 69
1247 23230 69
23230 26076 69
1988 25608 69
23230 25637 68
60 26060 68
9 4039 68
7 28512 68
26074 26075 67
2360 20433 67
60 2304 67
2366 20433 67
2337 26060 66
1988 20437 66
1962 26068 66
28738 28740 66
1835 26076 66
39 20437 65
2335 2414 65
20465 25547 64
1835 2417 64
46 1988 64
1988 26103 64
7 28497 63
20436 20466 63
1247 26060 63
18812 20433 63
23230 26066 63
7 28023 63
23230 26073 63
9 28023 62
2335 25637 62
2360 25611 62
20436 26060 61
9 20436 61
2335 2337 61
25612 26102 61
1242 23230 61
23230 25913 61
1835 1937 61
1962 26063 61
20466 25717 60
2337 20466 60
9 26074 60
46 20465 59
1962 2417 59
1835 2334 59
7 27694 59
32 26078 58
24643 26060 58
20466 28023 58
1835 26074 58
20436 20465 58
1237 26102 58
25611 25612 58
2335 25611 58
2366 25608 58
23230 26074 58
25 39 57
1988 25611 57
2334 2335 57
23230 23231 57
7 1247 57
7 1937 56
7 28494 56
20466 28116 55
13 23230 55
26060 28116 55
25612 26061 55
2334 23230 55
1835 26073 55
9 25611 54
1835 26064 54
1988 28023 54
20465 28484 54
1835 24643 54
1962 25913 54
25611 26102 54
23230 25916 53
25 2335 53
1242 26060 53
18812 25547 53
39 2337 53
32 39 53
1988 26073 53
7 25637 52
1988 25547 52
20433 20437 52
7 23231 52
2304 2337 52
23230 28116 52
9 1237 52
20433 26063 52
1962 24643 51
7 25716 51
1988 20436 51
2304 25916 51
2360 25716 51
7 2414 51
20466 23231 51
20437 20465 51
1835 25637 51
18 20433 51
20466 26074 50
26060 28023 50
2414 23230 50
2304 28691 50
32 18812 49
1231 23230 49
53 2304 49
20433 26068 49
1962 26104 49
1988 26075 49
20465 25611 49
2335 25641 49
1835 25713 49
2366 25717 48
26060 26069 48
60 1988 48
7 25202 48
26073 26075 48
1246 23230 48
26078 26103 48
2304 25547 48
1237 2304 48
39 25547 48
7 23189 47
25547 26102 47
9 24643 47
1246 26060 47
25637 26060 47
1988 24643 47
1970 23230 47
1988 26074 46
1835 2414 46
1234 23230 46
1988 2337 46
1937 23230 46
25611 25616 45
2417 28665 45
23230 25713 45
1835 26104 45
1962 2337 45
2360 28691 45
9 32 45
2417 26060 45
7 1242 45
7 28691 45
1234 26060 44
32 2335 44
25547 26078 44
1962 20436 44
2334 20466 44
1234 20466 44
1962 26073 44
1962 26075 44
2360 26078 44
20466 25913 43
2304 25613 43
20466 26104 43
7 1244 43
1231 1232 43
46 26078 43
20433 25608 43
60 26102 43
18812 26129 43
23230 26069 43
1232 26060 43
2304 25640 42
1835 28023 42
20465 26075 42
25716 25717 42
4039 23230 42
1962 26065 42
1835 25716 42
25611 26078 42
20466 28692 42
7 25713 42
2360 28692 42
26102 28116 42
25 18812 42
28738 28739 42
2366 26102 42
18 26129 41
1236 20466 41
2304 28688 41
1988 26104 41
1244 20466 41
1239 23230 41
2414 20466 40
7 28692 40
2335 26103 40
1233 1238 40
20466 26073 40
15 18812 40
46 26102 40
9 26104 40
20437 26078 40
1962 25637 40
20466 25916 40
20466 26075 40
28485 28486 39
1962 23231 39
1988 26076 39
1231 20466 39
9 27694 39
1244 26060 39
9 53 39
2304 28692 39
1237 1988 39
2304 26075 39
1241 20466 39
2366 25615 39
39 25612 39
26073 26076 39
1237 1962 39
1239 20466 39
9 2417 39
1937 20466 39
25 2360 38
2360 25608 38
20466 26076 38
9 25 38
1247 1835 38
1835 28161 38
25 20433 38
23230 25202 38
7 1970 38
60 2335 38
1962 28116 38
2334 2360 38
1244 23230 38
1970 1988 38
1242 20465 38
28694 28696 38
25713 25723 37
23230 26251 37
25615 25616 37
1232 20466 37
1962 25916 37
9 26073 37
26074 26076 37
7 26069 37
1232 23230 37
2335 25616 37
25916 26060 37
39 26103 36
7 25616 36
32 2360 36
1230 20466 36
23230 25716 36
1244 1962 36
2417 28691 36
23231 26060 36
20466 25202 36
7 1234 36
1962 26061 36
25913 26060 36
46 2335 36
9 2334 36
18812 26103 36
26102 28023 36
1241 23230 36
2366 25716 36
1962 26074 36
1238 23230 35
25202 26060 35
1970 20466 35
1247 1962 35
9 23231 35
1835 26092 35
24643 26102 35
1239 26060 35
1962 1970 35
1238 20466 35
1246 20466 35
25611 25613 35
2335 26129 35
23230 26120 35
1247 2304 35
28693 28696 35
1230 1238 34
7 1241 34
1230 26060 34
2304 26073 34
20465 28023 34
2337 2414 34
1230 23230 34
1233 26060 34
1962 26066 34
2366 28691 34
2304 24643 34
1235 20466 34
1241 1962 34
53 26102 34
7 26123 34
26120 27607 34
1233 23230 34
7 21722 34
7 28116 34
2335 28732 34
9 1234 34
2337 20465 34
25637 26102 34
7 28161 34
23189 23230 33
7 1235 33
20465 25913 33
1242 1962 33
53 1988 33
1233 20466 33
9 1970 33
7 28496 33
13 20466 33
26060 26074 33
7 28688 33
60 20465 33
1247 20465 33
1235 23230 33
23230 28688 33
25608 25612 33
1246 1835 33
1962 26064 33
20465 25612 33
1241 26060 32
60 26078 32
26069 28023 32
1232 1233 32
9 1247 32
15 25547 32
26064 26103 32
1835 28337 32
20466 28691 32
25608 25613 32
9 25717 32
7 26092 32
26060 26251 32
1246 1962 32
1962 26069 32
28485 28489 32
26075 26076 32
1237 20465 32
25713 26060 32
2331 23230 32
1232 1962 31
1988 2417 31
39 26075 31
46 18812 31
2304 28735 31
7 25916 31
2366 26068 31
23230 28496 31
9 25713 31
2366 18812 31
39 1237 31
2304 28665 31
23189 23192 31
2334 26060 31
1234 1962 31
20465 24643 30
2304 28023 30
20466 26251 30
2417 20465 30
2304 25615 30
20433 26103 30
7 1246 30
1236 26060 30
9 28688 30
7 1239 30
2335 25613 30
1242 1835 30
1232 20465 30
2304 25614 30
7 1232 30
26060 26073 30
7 26120 30
2414 26060 30
20466 25713 30
18812 20437 30
23230 25640 29
27707 28019 29
2331 20466 29
20466 27607 29
1962 25717 29
20465 26074 29
1835 4039 29
1988 2334 29
26060 27607 29
23230 28691 29
2366 26078 29
1236 23230 29
1988 23231 29
2304 26064 29
13 1988 29
2366 28692 29
1232 1238 29
26120 26251 29
1231 1238 29
1232 26102 29
2366 2417 29
1234 26102 29
1962 2334 29
32 20437 29
20465 26068 29
2335 23189 29
20465 26073 29
20466 25637 29
1835 2331 29
20466 28665 29
26102 28688 28
20466 26120 28
7 25913 28
18812 25611 28
7 1231 28
1835 26069 28
28496 28501 28
9 25916 28
2304 25641 28
26092 28023 28
1231 1236 28
26060 26092 28
1232 1988 28
13 1962 28
1988 25717 28
9 2414 28
39 2417 28
1238 1988 28
1230 1236 28
2337 2417 28
18812 24643 28
20466 28688 28
1238 26060 28
7 28339 28
1988 26068 28
2335 25615 28
26064 28736 28
25614 25616 28
1230 1232 28
7 1233 28
7 28327 28
1232 1236 28
18812 26075 28
23230 26123 28
1962 2414 27
53 20465 27
23230 26252 27
23230 25717 27
20466 26069 27
7 4039 27
32 20433 27
20433 27694 27
1962 28688 27
1962 21722 27
1835 26123 27
2304 23189 27
23231 26102 27
1238 1835 27
1232 1239 27
53 18812 27
23230 28499 27
25611 25615 27
20436 26102 27
26092 27607 27
20465 27694 27
7 1230 27
2304 23192 27
26063 26078 27
2414 2417 27
1242 26102 27
2390 23230 26
2304 28714 26
2304 28116 26
23230 26092 26
1835 28691 26
7 28735 26
1247 1988 26
25612 25614 26
1235 1236 26
1230 1231 26
2304 25202 26
2360 25717 26
20466 23189 26
1835 28496 26
39 28691 26
1988 25612 26
1835 25640 26
39 26104 26
39 25611 26
1988 2414 26
9 25637 26
1231 26102 26
1962 26076 26
7 27607 26
39 25713 26
1246 1988 26
9 1242 26
2337 26102 26
2335 27694 26
1241 1988 26
26060 28692 26
1244 2304 26
2304 2387 26
1247 26102 26
1234 1236 25
1231 1239 25
2304 25766 25
26092 26252 25
2360 2417 25
1233 2304 25
23230 27694 25
1962 28337 25
2360 25616 25
53 2335 25
1238 1962 25
9 26076 25
1232 1234 25
25713 26103 25
7 1238 25
2304 28732 25
25614 25615 25
21722 23230 25
26060 28688 25
1835 27607 25
1835 26120 25
2335 25202 25
2335 25547 25
1835 26063 25
2366 27694 25
1835 25916 25
1835 25913 25
1937 1962 25
23230 27607 25
2304 26068 25
23230 26068 25
1239 20465 25
25547 26129 25
1962 25202 25
2304 25616 25
1835 2390 25
2334 2417 25
23230 28692 25
1962 25713 24
1988 25913 24
2304 28711 24
2417 25611 24
9 28692 24
2304 26074 24
26110 26111 24
23230 25766 24
1988 25716 24
15 23230 24
53 2360 24
2335 25643 24
25612 25613 24
25641 26060 24
26078 26104 24
1233 1235 24
28688 28691 24
1236 1238 24
26110 26112 24
1988 25916 24
7 26251 24
1835 25641 24
4039 20466 24
39 46 24
7 26252 24
1235 1239 24
25637 25640 24
1231 1988 24
7 13 24
20433 26129 24
25611 25637 24
2335 28736 24
9 1244 24
26123 27607 24
2335 23192 24
9 13 24
2366 25613 24
23230 28337 24
46 2360 24
28737 28738 23
1835 23231 23
1235 20465 23
13 20465 23
39 25716 23
1835 28116 23
39 2414 23
20466 28735 23
24643 26078 23
7 28330 23
1233 20465 23
7 25641 23
2337 26064 23
1232 1235 23
1230 1988 23
2366 2414 23
18812 26073 23
20436 20437 23
1234 1238 23
1236 1239 23
1835 27694 23
1243 26060 23
46 20433 23
23231 26078 23
1988 28345 23
2304 25205 23
7 28335 23
28691 28692 23
1988 28116 23
20465 28116 23
26060 26123 22
9 25202 22
25716 26060 22
18812 20436 22
26251 27607 22
26110 26114 22
26060 26075 22
25 25608 22
20465 28327 22
1234 20465 22
1835 28735 22
1234 1235 22
9 1241 22
1236 2304 22
1835 25202 22
39 25717 22
9 28116 22
25612 26078 22
1242 2304 22
2337 18812 22
1234 1988 22
1962 28691 22
1231 1962 22
7 2390 22
2335 21722 22
1246 2304 22
1235 26060 22
28334 28335 22
2360 26103 22
1230 1962 22
1236 1835 22
20465 25202 22
9 25716 22
25608 26129 22
39 2331 21
26060 28337 21
1235 1962 21
1962 2390 21
23230 25616 21
20466 28499 21
1232 1835 21
32 26129 21
1242 1988 21
1244 20465 21
1239 1835 21
25 26129 21
9 1236 21
1236 1988 21
39 26076 21
7 1236 21
26060 28339 21
20465 26104 21
2417 28644 21
7 25640 21
7 25613 21
20436 26078 21
7 2387 21
2335 26068 21
2331 2414 21
2304 27694 21
1234 2304 21
2360 25613 21
26103 26129 21
25612 25615 21
2304 26104 21
28336 28337 21
39 28692 21
25717 26060 21
20465 25916 21
28494 28496 21
1230 1234 20
1233 1236 20
1247 18812 20
1835 28497 20
7 2331 20
9 23189 20
2387 20466 20
39 26074 20
25613 25615 20
23230 24786 20
23230 28711 20
1237 26078 20
7 28334 20
26069 26075 20
1970 2304 20
1231 26060 20
7 28495 20
1235 1835 20
1962 25716 20
7 23192 20
1962 26120 20
2331 2337 20
1988 4039 20
23230 28497 20
25713 25717 20
2331 2360 20
26078 28023 20
39 1937 20
20465 23231 20
1988 25637 20
7 28644 20
20465 26120 20
1230 26102 20
1988 28691 20
9 1231 20
25766 26060 20
23189 26060 20
28345 28346 20
1970 26060 20
7 28345 20
4039 26060 20
26102 28692 20
1234 1835 20
2365 23230 20
1988 26120 20
18812 26076 20
9 25913 20
25608 25614 20
9 27607 20
25202 25766 19
26102 26104 19
18 25608 19
1241 2304 19
26092 28161 19
7 28068 19
9 1239 19
1241 26102 19
1962 27607 19
26060 28345 19
26060 28735 19
2360 27694 19
2366 25614 19
2304 23231 19
7 28336 19
2360 28644 19
1970 20465 19
1244 26102 19
1835 28345 19
2331 2366 19
13 26102 19
1238 1239 19
2403 20466 19
1239 2304 19
25713 26102 19
20466 26092 19
18 2366 19
26060 27694 19
25611 25614 19
27607 28161 19
25 26075 19
60 18812 19
20465 26252 19
1246 26102 19
26073 26074 19
26074 26102 19
18 26103 19
1988 25713 19
26120 26123 19
2417 26102 19
1962 28494 19
1236 26078 18
26073 26078 18
20465 25637 18
2331 26060 18
26123 26251 18
26102 26120 18
18 20436 18
25608 25616 18
2334 26102 18
1234 1239 18
1835 28711 18
1230 1233 18
2304 25881 18
7 25615 18
25 25547 18
1233 1962 18
1231 1835 18
20466 28161 18
4039 28336 18
26092 26123 18
9 28494 18
7 28714 18
7 2582 18
1835 23189 18
26069 26102 18
1962 28496 18
2360 25614 18
23230 25881 18
26096 26114 18
1231 1235 18
9 26092 18
26102 27607 18
26060 26076 18
20433 25611 18
9 1246 18
18 2337 18
32 2366 18
2304 28496 18
25913 25916 18
20466 28714 18
1242 26078 18
1835 26251 18
1988 25202 18
26076 26102 18
1237 2335 18
9 26123 18
25916 26102 18
20433 25547 18
1970 25608 18
2360 25615 18
46 25547 18
1233 26102 18
2304 28336 18
28484 28485 18
25202 26102 18
2304 4039 18
1238 20465 17
1239 26102 17
1246 20465 17
1235 1238 17
1231 20465 17
25608 26103 17
1988 21722 17
26102 26123 17
2360 28736 17
28495 28497 17
9 2331 17
2366 2387 17
26252 27607 17
2304 26120 17
1235 2335 17
26102 26251 17
2360 21722 17
1962 26251 17
60 25713 17
1241 1835 17
28336 28339 17
25913 26102 17
26073 26104 17
26073 26103 17
25612 25616 17
18812 28494 17
39 28497 17
39 26073 17
2417 20433 17
39 24643 17
23230 28495 17
1988 26092 17
7 25881 17
18 32 17
1239 1962 17
26060 28665 17
1244 1835 17
25717 26102 17
20466 27694 17
1988 25640 17
20466 26123 17
1233 1234 17
881 900 17
1235 1988 17
20465 26076 17
26060 26120 17
1243 20466 16
2335 2361 16
1230 1239 16
2337 26078 16
39 28336 16
32 25608 16
1232 2304 16
26102 28691 16
39 53 16
1835 21722 16
2417 26078 16
60 20433 16
25547 26103 16
15 24643 16
2414 20465 16
18 24643 16
9 25613 16
26060 26252 16
26087 26103 16
1937 2304 16
9 26063 16
1962 4039 16
9 26120 16
1988 26123 16
46 26129 16
9 1232 16
7 28711 16
7 24786 16
26068 26103 16
2390 20466 16
1988 28504 16
1988 26069 16
1233 1239 16
2304 26251 16
2304 2361 16
20466 26068 16
2335 2387 16
26120 26252 16
23230 26067 16
23230 28161 16
25608 25615 16
2304 26076 16
1962 26092 16
1988 28501 16
20466 26063 16
9 28497 16
1247 26078 15
2335 25881 15
9 28691 15
1230 1235 15
26069 26074 15
2334 2390 15
26069 26076 15
18 25 15
26063 26066 15
1231 1233 15
60 2360 15
2334 28644 15
25637 26078 15
1835 25613 15
9 26069 15
1962 28481 15
26120 28161 15
28691 28694 15
1941 23230 15
25 2366 15
18812 25612 15
1835 28068 15
26060 28481 15
1835 28692 15
26075 26078 15
20437 26129 15
13 2304 15
9 21722 15
1230 20465 15
1941 26060 15
1962 25641 15
26060 28691 15
1970 26078 15
1962 28732 15
2335 28023 15
26075 26102 15
1235 26102 15
39 23189 15
2335 25205 15
9 1230 15
26092 26251 15
28494 28495 15
9 26068 15
2403 23230 15
1235 2304 15
26060 28494 15
20466 26252 15
1935 23230 15
1962 25616 14
7 2403 14
1835 1970 14
28337 28339 14
2334 2366 14
1233 1835 14
53 20433 14
18 46 14
1233 2335 14
26092 26120 14
1835 1935 14
32 60 14
25613 25616 14
20433 25766 14
1835 28501 14
9 26252 14
23230 28732 14
23189 25881 14
26252 28161 14
2335 28735 14
9 1937 14
1835 28494 14
7 25766 14
2335 25614 14
20436 27694 14
25716 26102 14
1962 28711 14
39 27694 14
20466 28497 14
7 27716 14
25611 28023 14
2366 28645 14
2335 28691 14
20466 28662 14
2304 28698 14
18 25547 14
20465 28497 14
18812 26074 14
2366 25641 14
2354 2361 14
23230 28336 14
1230 2304 14
1244 1988 14
1002 20466 14
20465 21722 14
46 21722 14
32 26103 14
26060 28336 14
25202 26078 14
9 28334 14
1239 1988 14
1962 26123 14
39 1234 14
26060 28495 14
25202 25205 14
25881 26060 14
2334 2337 14
2582 23230 14
25 32 14
2335 28645 14
2366 28738 14
25713 28497 14
2390 2404 14
39 2403 14
1962 23189 14
46 20437 14
28334 28337 14
20437 26073 13
20465 27607 13
1233 26078 13
28668 28669 13
28495 28496 13
1835 28732 13
13 1835 13
32 25547 13
23192 23230 13
26060 28161 13
9 25881 13
20465 25881 13
1962 2331 13
2335 24786 13
1962 24786 13
24786 26060 13
1238 26102 13
39 2404 13
28330 28357 13
46 26076 13
9 28495 13
2417 20436 13
2361 23230 13
26060 28497 13
1962 28497 13
26078 28116 13
1988 27694 13
2417 25612 13
1988 23189 13
25 26103 13
26060 28501 13
2304 26063 13
25 25612 13
23189 26102 13
1962 2387 13
1235 26078 13
60 27694 13
4039 26102 13
2390 26060 13
1937 18812 13
1238 2304 13
1236 20465 13
2334 28665 13
20465 26069 13
1236 1962 13
4039 20465 13
2360 2414 13
39 1247 13
1228 20466 13
32 46 13
1241 20465 13
9 1233 13
39 23192 13
25613 25614 13
7 26091 13
2337 25641 13
1835 26252 13
26076 26078 13
2335 2390 13
25611 25881 13
25 20437 13
20465 26064 13
23230 26062 13
2304 21722 13
1937 2335 13
7 28501 13
7 234 13
39 60 13
1962 28327 13
53 26078 12
9 28336 12
26078 26092 12
1835 28714 12
25 26104 12
9 1235 12
1988 25641 12
1937 1988 12
25202 25611 12
23230 25613 12
1239 26078 12
26111 26114 12
2304 28641 12
39 1238 12
2356 2390 12
1237 2360 12
20466 25716 12
2366 28735 12
24643 26129 12
20466 28736 12
1243 1835 12
18 28337 12
2414 25611 12
2304 28337 12
25716 28481 12
2335 25640 12
1231 1234 12
39 28023 12
20436 21722 12
2387 23230 12
28023 28116 12
39 25641 12
1246 26078 12
1988 28497 12
2366 25640 12
18 26073 12
15 1835 12
2335 28594 12
18812 26068 12
1835 25616 12
1937 26102 12
1970 18812 12
9 1243 12
9 25615 12
28334 28336 12
26102 27694 12
2360 25641 12
20433 25202 12
9 26061 12
53 25608 12
2360 26074 12
1835 28688 12
25716 28497 12
20465 25713 12
23231 26065 12
1244 26078 12
2366 26075 12
18812 28691 12
20433 25881 12
18 20437 12
1835 2387 12
1970 26102 12
20465 26251 12
1234 2335 12
1935 26060 12
39 21722 12
1941 20465 12
39 2387 12
20465 25641 12
28691 28700 12
9 28499 12
26064 26078 12
2335 28711 12
1937 26078 12
1234 20433 12
2390 28691 11
20466 28337 11
2365 20466 11
21722 26060 11
20466 25614 11
1835 25881 11
9 25616 11
13 26078 11
25 25611 11
2304 24786 11
2360 28735 11
1231 26078 11
39 25637 11
1988 28644 11
1234 26078 11
1941 20466 11
1962 25766 11
1835 2361 11
2582 20466 11
2337 20433 11
2366 28736 11
1988 27607 11
1243 23230 11
1236 25608 11
26061 26078 11
1231 2335 11
2304 27607 11
1962 25640 11
20466 25881 11
2360 28693 11
2335 28694 11
1988 27668 11
1988 28161 11
2366 25616 11
7 881 11
2304 28693 11
1237 20433 11
1988 26252 11
1941 1962 11
2329 28641 11
18 25612 11
26074 26078 11
2304 28497 11
2360 28645 11
2360 25713 11
20465 25615 11
28644 28645 11
60 20437 11
2366 26067 11
25 28116 11
2304 28644 11
15 26060 11
1238 20433 11
18 27694 11
23230 28068 11
1970 26076 11
1230 1835 11
1988 26251 11
26123 28161 11
2387 18812 11
25612 26103 11
20466 26065 11
20465 26123 11
9 2387 11
1250 20466 11
1962 28068 11
39 1232 11
20466 26066 11
1237 26129 11
2414 26102 11
20433 25713 11
18 2334 11
32 24643 11
2335 24643 11
1231 2304 11
1234 25608 11
20465 28665 11
32 1237 11
7 2365 11
26074 26104 11
28494 28501 11
39 28337 11
9 26251 11
2335 26076 11
39 2390 11
26251 26252 11
20437 25608 11
1988 25615 10
2335 28737 10
28496 28499 10
9 28161 10
7 28694 10
1988 28641 10
25608 28116 10
1246 26129 10
9 26067 10
2329 23230 10
23230 28321 10
18812 21722 10
39 1239 10
25 60 10
26073 26102 10
9 28732 10
1962 23192 10
28737 28739 10
1835 28736 10
2304 28695 10
28735 28738 10
26103 27694 10
20465 28496 10
20466 28496 10
53 2366 10
20433 28023 10
2304 26066 10
39 1230 10
7 25614 10
2360 26129 10
23230 28501 10
25 24643 10
23192 26060 10
32 25202 10
7 28481 10
20466 26061 10
2334 26074 10
1988 25616 10
1988 28337 10
25641 26102 10
900 2034 10
1835 23192 10
1241 20433 10
25713 26129 10
9 2354 10
2334 28691 10
28641 28644 10
1962 27694 10
1962 25881 10
20436 23192 10
13 2417 10
2304 2403 10
7 27800 10
1835 28665 10
28692 28695 10
39 26251 10
26251 28161 10
2387 26060 10
9 25641 10
20437 26064 10
1233 1988 10
60 2366 10
60 25637 10
13 2335 10
2321 18812 10
1246 25913 10
39 26123 10
25 26074 10
23230 28330 10
20465 28711 10
53 26074 10
1835 2289 10
2335 25618 10
25614 26060 10
1988 28688 10
1236 26102 10
18 26104 10
2304 26092 10
1230 2335 10
2387 25613 10
2387 2390 10
2366 28694 10
9 27716 10
20433 23189 10
32 2337 10
1962 28336 10
23230 28339 10
2390 26102 10
23189 26078 10
1237 25608 10
20465 28330 10
2366 28711 10
26074 26091 10
20466 28732 10
1244 20433 10
1002 26060 10
60 26129 10
24643 28336 10
18812 26063 10
25637 25766 10
881 1774 10
7 2361 10
23230 28714 10
1250 26060 10
23189 25766 9
26078 28161 9
26076 27607 9
2360 28714 9
1236 26129 9
1250 23230 9
2366 25713 9
32 25612 9
26063 26069 9
7 26068 9
46 25608 9
18812 23189 9
2334 20465 9
20433 24786 9
20465 23189 9
2304 26123 9
7 28699 9
2366 28688 9
32 26074 9
25766 25881 9
20466 24786 9
2414 18812 9
9 2404 9
2360 25547 9
9 27711 9
28691 28695 9
1937 20465 9
26078 26120 9
39 26069 9
18812 28497 9
25640 25643 9
2417 26129 9
23230 27668 9
20433 24643 9
2304 25618 9
39 23231 9
2360 28688 9
1962 25613 9
9 28711 9
9 25614 9
2337 20437 9
2304 2331 9
2387 25611 9
18 2414 9
2366 28665 9
1835 27668 9
2390 25611 9
28691 28702 9
2335 4039 9
24786 25637 9
60 26104 9
25 2334 9
18812 27694 9
2304 27716 9
18812 26067 9
9 2403 9
1835 25766 9
1835 2356 9
26102 28494 9
7 28736 9
23189 25202 9
2414 26078 9
1835 25205 9
2304 26069 9
21722 25611 9
25716 25718 9
39 1242 9
23230 28735 9
39 26065 9
26102 28068 9
23230 28494 9
26063 26067 9
20433 26074 9
2335 28644 9
25616 26060 9
2387 20433 9
9 28665 9
25202 25637 9
2335 2356 9
1962 25614 9
2360 28665 9
1002 23230 9
7 28665 9
1835 2365 9
2335 25766 9
13 2414 9
2366 26129 9
26060 28736 9
7 1941 9
2335 26092 9
46 26103 9
20433 25637 9
26074 26092 9
2390 20465 9
28357 28358 9
7 2354 9
9 2329 9
2390 25612 9
1962 28487 9
2390 25608 9
23230 25641 9
7 28695 9
1243 1962 9
2335 28481 9
1238 26078 9
25640 26060 9
1970 25611 9
23192 25611 9
18 60 9
28695 28696 9
2334 18812 9
2304 2354 9
28641 28648 9
39 1246 9
39 25916 9
23189 24786 9
2582 26060 8
1835 27716 8
1241 26078 8
39 26120 8
1247 2360 8
2334 26078 8
23230 27716 8
32 26075 8
28736 28738 8
2360 26076 8
2360 2390 8
2414 26129 8
2390 20436 8
26068 26078 8
7 1950 8
23230 26109 8
2337 25716 8
1232 2335 8
26075 27607 8
1835 27707 8
15 20466 8
25615 26060 8
25717 26129 8
18812 23231 8
20436 25611 8
39 25613 8
2331 26102 8
26060 28732 8
2337 25713 8
1988 2390 8
1988 28714 8
1242 26129 8
7 28732 8
2361 26102 8
9 28068 8
1935 1988 8
15 26102 8
4039 26078 8
39 1244 8
18812 28337 8
23192 26102 8
25713 28488 8
21722 27668 8
2335 2354 8
26075 26104 8
26075 26120 8
53 20437 8
9 1935 8
25916 26078 8
20465 26085 8
2304 25661 8
39 1235 8
2390 18812 8
26109 26111 8
25608 28023 8
23230 25615 8
26061 26066 8
2387 26102 8
1988 26109 8
2331 26078 8
1835 2403 8
26060 28641 8
1937 2289 8
23230 28334 8
26078 28484 8
28330 28336 8
20466 21722 8
25 2417 8
1988 28339 8
18812 28023 8
25608 27668 8
1962 28484 8
23231 26063 8
28490 28520 8
25913 26063 8
2582 20465 8
26060 28330 8
20465 25614 8
26076 28161 8
20437 27694 8
2335 28647 8
1232 26078 8
1002 26102 8
1230 26078 8
1962 28339 8
1988 25613 8
26073 26252 8
21722 27694 8
1228 26078 8
1239 2335 8
7 2404 8
2304 2550 8
26062 26063 8
2403 2404 8
2334 2404 8
2366 25547 8
20465 28161 8
23230 28326 8
26074 27607 8
26110 26115 8
1228 26060 8
39 25202 8
2403 20436 8
23192 25608 8
32 21722 8
7 965 8
2336 26064 8
7 1002 8
2335 2552 8
20466 25641 8
2360 25640 8
20433 25913 8
20466 25766 8
25 20436 8
234 23230 8
2334 2551 8
2366 28666 8
1988 2331 8
28322 28325 8
39 25913 8
28485 28488 8
28665 28666 8
1236 2335 8
25637 26129 8
26075 26092 8
25547 26066 8
20466 28339 8
1238 2360 8
28691 28699 8
7 2329 7
1835 28334 7
25 26073 7
9 27800 7
25 26076 7
1709 1962 7
28735 28736 7
2354 20436 7
23230 28743 7
2304 28481 7
2337 20436 7
20466 28644 7
18 53 7
26075 26091 7
28494 28497 7
2366 20441 7
53 2334 7
1988 28665 7
28330 28337 7
1935 20465 7
18 1241 7
9 28496 7
20465 26092 7
20465 28336 7
2335 25926 7
2360 26073 7
1835 2582 7
13 39 7
27607 28494 7
26066 26078 7
18 25717 7
25202 25881 7
60 25611 7
23189 25608 7
1234 26104 7
1988 2403 7
1243 26102 7
32 28496 7
20466 28700 7
28487 28488 7
18812 28336 7
7 1919 7
32 26063 7
28732 28735 7
32 26073 7
2329 2335 7
28644 28646 7
2337 25611 7
1232 25608 7
25 1244 7
26078 28339 7
13 18 7
1235 26103 7
24643 25612 7
1835 25614 7
1234 25611 7
26069 28116 7
25913 26078 7
2335 28655 7
2304 28699 7
7 28645 7
7 1774 7
26074 26251 7
2304 28694 7
2354 23230 7
20466 25616 7
1247 25608 7
46 24643 7
2360 24643 7
2414 25608 7
25640 26102 7
46 25612 7
2337 26103 7
25615 26102 7
1988 28692 7
2417 18812 7
28644 28649 7
7 28320 7
32 25611 7
2335 28693 7
7 2034 7
1941 2304 7
2334 25616 7
39 1970 7
18 26075 7
1002 1962 7
1237 26103 7
28335 28337 7
53 28497 7
25608 26061 7
1243 26078 7
39 2582 7
18 28023 7
28716 28717 7
1241 26129 7
1234 18812 7
60 26103 7
1002 20465 7
26069 26073 7
25611 26129 7
25766 26102 7
26123 26252 7
25611 25621 7
18812 25717 7
26063 26065 7
46 2337 7
20433 28688 7
20466 28336 7
2334 25608 7
20465 28494 7
20466 28068 7
7 1935 7
25 28023 7
2334 2363 7
4039 18812 7
1243 2304 7
32 26076 7
2365 26060 7
20466 24789 7
7 1243 7
26069 26092 7
20433 26075 7
1962 2365 7
2329 2361 7
1231 20433 7
20466 28694 7
18 28691 7
1835 2404 7
1230 2360 7
26078 27607 7
46 2366 7
26075 26251 7
26129 28116 7
18 26074 7
23230 28665 7
7 26109 7
20466 26064 7
2335 25642 7
23230 28662 7
1835 25615 7
25640 26078 7
25 2337 7
1228 2304 7
18 1234 7
1988 28334 7
2304 2329 7
9 1238 7
26078 28068 7
27707 27714 7
28484 28489 7
7 26061 7
18 1247 7
1970 2335 7
20465 28714 7
25717 28481 7
53 28692 7
28711 28714 7
2366 2390 7
2304 28161 7
60 25717 7
18 1237 7
7 2356 7
60 25608 7
2335 2582 7
18 25611 7
2414 26068 6
9 28714 6
2404 26060 6
18812 26092 6
39 28116 6
1935 1962 6
2366 28714 6
32 28691 6
1233 20433 6
1970 20436 6
23230 28736 6
23231 26129 6
25640 26129 6
2390 28641 6
1962 28321 6
25 1235 6
25608 25637 6
18812 26065 6
18812 25713 6
1988 25881 6
39 26252 6
7 25926 6
26060 28694 6
20436 25608 6
18 26076 6
26062 26069 6
26074 26129 6
1835 2354 6
1241 2335 6
26092 26102 6
28645 28649 6
26102 28161 6
2335 28497 6
18812 28692 6
39 28334 6
20466 23192 6
1709 26060 6
20433 25716 6
2365 25608 6
28699 28700 6
53 26129 6
1230 20433 6
1970 2289 6
53 25611 6
26076 26129 6
2360 26075 6
7 27841 6
1231 26129 6
25 28494 6
2363 28644 6
25926 26060 6
1239 2417 6
23230 25614 6
18812 25637 6
1232 20437 6
20466 28495 6
20433 23192 6
9 15 6
2335 28718 6
23230 25926 6
26060 28496 6
25 26069 6
20433 26073 6
28321 28326 6
20433 27800 6
32 1970 6
1244 18812 6
26112 26115 6
25 1937 6
20465 24786 6
20466 28711 6
2403 26060 6
26073 27607 6
20465 28692 6
15 25 6
2366 28644 6
25 1237 6
32 53 6
881 1030 6
39 28735 6
18 1239 6
24643 25608 6
18 23189 6
18 1238 6
20465 25766 6
1835 28495 6
13 1234 6
2337 26061 6
4039 27707 6
18812 26069 6
2354 26060 6
28691 28696 6
234 28019 6
46 20436 6
2404 20433 6
46 26104 6
1246 20436 6
32 28497 6
1709 20466 6
2335 26074 6
2366 28696 6
28490 28496 6
9 25766 6
9 1941 6
2304 26061 6
1233 18812 6
39 1241 6
2304 26252 6
20466 25615 6
1962 28694 6
20465 28645 6
26102 26252 6
2304 28700 6
15 1962 6
20465 25716 6
46 26073 6
25547 28116 6
60 26075 6
20466 28645 6
26061 26067 6
1246 25547 6
20465 28735 6
23192 26078 6
20466 28334 6
1988 28336 6
9 2361 6
23230 25205 6
1228 26102 6
46 1237 6
39 1236 6
18812 28711 6
20466 25621 6
2329 26060 6
2337 28023 6
234 2354 6
25717 25718 6
1835 28737 6
18812 25913 6
26102 28337 6
2335 26075 6
965 1835 6
53 26103 6
25547 28023 6
18 2390 6
60 26076 6
1002 1988 6
20436 25637 6
2337 25612 6
2515 28644 6
7 1249 6
15 2304 6
2329 20466 6
18812 25614 6
2335 26073 6
26060 26085 6
28490 28545 6
2304 25721 6
1835 2078 6
39 24789 6
18 26251 6
39 25640 6
1970 26075 6
2360 28715 6
28481 28497 6
14 26075 6
25 1241 6
1246 2335 6
7 483 6
26073 26120 6
25205 26096 6
20433 26252 6
7 69 6
53 28688 6
2390 28644 6
25766 28662 6
1962 28341 6
26113 26114 6
39 28496 6
25608 28161 6
9 25640 6
1835 1950 6
7 27707 6
18 1002 6
26109 26114 6
9 24786 6
39 25615 6
18812 26066 6
1962 28714 6
1835 28695 6
1937 26060 6
26073 26123 6
28330 28334 6
1233 26103 6
1988 28495 6
46 26075 6
2335 28116 6
7 27668 6
28321 28323 6
60 2337 6
1242 25608 6
2335 28699 6
24786 26078 6
24786 25611 6
18812 28688 6
24786 25766 6
18812 26064 6
25205 25766 6
26112 26114 6
2582 26102 6
18 25916 6
1835 28499 6
1237 18812 6
28693 28694 6
18 25613 6
7 26085 6
28545 28546 6
2334 2552 5
20466 25618 5
1835 28644 5
9 1002 5
25612 26063 5
28490 28495 5
1935 26102 5
26063 28023 5
900 1835 5
9 2582 5
25608 25766 5
25 53 5
25718 25719 5
20437 26076 5
26102 28736 5
2304 27690 5
7 28499 5
2304 26113 5
26061 26102 5
1988 25614 5
2390 20433 5
27707 27720 5
2335 25644 5
1988 28374 5
1919 26060 5
1231 25608 5
7 879 5
26060 28321 5
26060 26063 5
53 28494 5
234 1962 5
18 1236 5
20433 25641 5
26075 26123 5
28691 28693 5
23192 25766 5
28645 28656 5
2337 25717 5
7 28374 5
1988 2387 5
2335 28740 5
20433 25612 5
23192 25637 5
2360 28738 5
1234 2417 5
1235 18812 5
2387 2404 5
9 26064 5
20436 25881 5
13 26075 5
2304 2356 5
2331 20436 5
20465 27716 5
53 2337 5
2334 2387 5
1937 26073 5
53 20436 5
39 1461 5
965 2304 5
2335 2404 5
2414 25612 5
26096 26102 5
28320 28345 5
2331 20433 5
9 2390 5
28320 28330 5
1835 26115 5
2331 2334 5
2335 26104 5
1246 20437 5
2334 25611 5
26102 28499 5
24643 25547 5
2337 26129 5
25 1238 5
23230 27800 5
18 26252 5
18 4039 5
25547 25608 5
1962 28499 5
2403 26102 5
20466 28698 5
25916 26129 5
1962 25926 5
39 2321 5
28668 28670 5
60 28339 5
1988 25926 5
28512 28579 5
25661 26060 5
286 2304 5
39 28714 5
2387 2403 5
26064 26068 5
53 28496 5
7 28357 5
2366 25719 5
2304 24789 5
1242 26103 5
2337 28736 5
39 28335 5
28694 28695 5
20466 25926 5
2034 26102 5
18 28345 5
234 1835 5
26112 26113 5
69 26060 5
15 1988 5
26075 28023 5
23230 28545 5
2366 25721 5
13 26103 5
32 26104 5
20436 25766 5
18812 25616 5
20436 26076 5
60 28495 5
25547 26074 5
25716 25769 5
2337 25608 5
25641 26078 5
1237 28023 5
28357 28382 5
39 28688 5
1238 2335 5
25202 28481 5
965 25608 5
39 4039 5
21722 27124 5
1247 26103 5
1962 2329 5
26060 28335 5
1962 25615 5
2366 28497 5
2390 2403 5
1242 2366 5
2417 25608 5
1250 20465 5
28330 28382 5
1246 18812 5
7 25642 5
1243 1988 5
9 28481 5
28326 28328 5
39 1231 5
9 2365 5
965 23230 5
28325 28326 5
39 28695 5
1242 2335 5
2337 25614 5
1962 27711 5
23230 28358 5
2337 2390 5
1669 23230 5
18 1970 5
20437 21722 5
965 25202 5
20465 28662 5
2361 20466 5
26060 27716 5
1988 25661 5
1236 20433 5
20465 28688 5
2335 28738 5
2335 8619 5
23231 25913 5
2334 26129 5
26104 26129 5
24786 26102 5
1241 25608 5
1243 20465 5
18 28495 5
28484 28488 5
28645 28648 5
26065 26069 5
26102 28644 5
2404 20436 5
2334 28688 5
46 27800 5
53 25612 5
26103 28116 5
46 1246 5
27714 28019 5
2387 20465 5
2366 21722 5
1962 2582 5
2390 2417 5
32 27607 5
24786 25881 5
2331 25608 5
2414 28735 5
900 1988 5
25 1246 5
2414 28691 5
18812 26104 5
26102 28735 5
2360 26069 5
1835 24786 5
20433 21722 5
23231 26067 5
9 881 5
20465 27800 5
26078 28732 5
2417 25713 5
25719 25721 5
32 1231 5
965 25611 5
39 1233 5
39 26109 5
950 26102 5
2304 25719 5
2354 28641 5
7 28641 5
1835 28694 5
26060 28068 5
1247 2335 5
25616 26102 5
26074 26109 5
2337 28665 5
13 26129 5
1835 28662 5
2366 25662 5
2417 28496 5
18812 26061 5
1835 25661 5
7 25618 5
26110 26113 5
1233 25608 5
25719 25720 5
23231 26074 5
9 28735 5
39 1228 5
1247 28023 5
7 1228 5
2360 23189 5
32 26092 5
18 25913 5
2360 28696 5
20436 24643 5
2304 28068 5
25916 26103 5
2337 28497 5
25205 26065 5
1970 26129 5
18 25637 5
60 28494 5
950 23230 5
1231 25202 5
27694 27800 5
26078 28499 5
18 28320 5
20436 28735 5
25716 25721 5
1002 1835 5
1988 28496 5
1962 28692 5
28688 28693 5
1244 25713 5
28688 28692 5
2361 2390 5
2304 25720 5
2366 28732 5
23189 25611 5
1233 2366 5
1835 28645 4
23230 25662 4
1919 20466 4
1 26060 4
2365 20465 4
20436 28732 4
1937 28688 4
25 23231 4
1247 20433 4
2361 25608 4
20465 25640 4
2304 28720 4
25614 26102 4
28486 28487 4
2366 26073 4
7 26114 4
18 1937 4
20465 28335 4
26075 26103 4
2366 28496 4
46 25716 4
2335 25661 4
1243 25547 4
1962 25205 4
46 28688 4
26069 26078 4
965 23189 4
21722 25616 4
28337 28341 4
26060 28714 4
28644 28651 4
1244 2366 4
20465 26067 4
26120 28023 4
60 25547 4
234 2335 4
23231 28481 4
24643 25611 4
1970 24643 4
39 1250 4
26102 28339 4
1962 25621 4
1962 2354 4
26109 26110 4
1244 25637 4
25611 25766 4
32 28336 4
25713 25721 4
2304 28645 4
9 28644 4
2360 28711 4
7 24789 4
23230 28644 4
20437 25713 4
9 26062 4
1950 23230 4
23189 25637 4
2337 4039 4
2360 2404 4
1234 25547 4
20466 27800 4
1232 1244 4
1835 28693 4
28688 28695 4
1246 25916 4
2404 20466 4
26102 28495 4
1231 1237 4
53 26075 4
1232 2365 4
20465 28666 4
28023 28068 4
1835 28335 4
1250 26078 4
20465 28495 4
32 26251 4
1247 26129 4
7 28715 4
20465 25616 4
4039 25608 4
1988 26112 4
28339 28345 4
1237 2334 4
26078 26251 4
25611 28116 4
2331 20465 4
26078 28495 4
2304 28696 4
1232 26129 4
20465 28512 4
26061 28023 4
25 25916 4
26060 28711 4
28644 28655 4
2335 2363 4
14 26060 4
1249 20465 4
1962 26252 4
39 28738 4
2356 20436 4
1242 1244 4
1962 26096 4
15 39 4
2329 2390 4
2387 24786 4
2335 26069 4
1237 28116 4
1230 18812 4
2390 26078 4
26102 28497 4
2304 2315 4
26073 26251 4
1228 23230 4
28490 28497 4
25612 26129 4
1919 20465 4
881 1228 4
962 965 4
25 25641 4
25547 26073 4
2390 25205 4
32 1230 4
1970 26073 4
1988 23192 4
25916 25926 4
39 27607 4
15 2335 4
23230 28490 4
26078 26252 4
23230 27841 4
53 28336 4
18 28665 4
28648 28649 4
18 23231 4
26102 28699 4
46 53 4
25608 26123 4
18812 25114 4
1962 28501 4
28496 28524 4
23189 25205 4
1988 25618 4
7 28346 4
25613 26060 4
60 28023 4
26114 26115 4
1774 2034 4
26067 26069 4
18812 28345 4
2336 28644 4
32 28644 4
28669 28670 4
2365 26102 4
7 25661 4
1835 25723 4
1835 28700 4
20437 24643 4
39 28161 4
20437 26065 4
26073 28068 4
25713 26078 4
1228 18812 4
26103 28326 4
18 28694 4
28495 28516 4
18812 28161 4
25716 25719 4
21722 26103 4
25717 26068 4
39 28736 4
20436 23189 4
60 25612 4
1835 26085 4
28737 28740 4
2034 26103 4
28335 28425 4
2304 26085 4
26073 28043 4
18 1242 4
23230 25719 4
1246 2360 4
1835 28339 4
69 20466 4
1237 26064 4
32 25637 4
18812 28116 4
18812 25640 4
2360 28116 4
2417 26103 4
39 28665 4
28321 28324 4
1988 28494 4
25608 26104 4
26074 28019 4
25717 28339 4
28497 28499 4
234 2417 4
25 1232 4
2360 26092 4
2361 2417 4
23230 26096 4
25916 27381 4
1 23230 4
28735 28739 4
1962 28495 4
23230 28519 4
28330 28335 4
26060 26112 4
1988 28739 4
1709 2304 4
21722 25608 4
25 27607 4
2414 26063 4
7 25643 4
28714 28725 4
2335 28739 4
1835 27124 4
26060 27800 4
18 28116 4
1232 1237 4
26066 26067 4
25202 28497 4
26060 28499 4
2336 28656 4
26103 28023 4
20466 28617 4
20465 26062 4
1988 28645 4
2366 28495 4
46 2334 4
20436 26075 4
25637 28023 4
32 23231 4
2417 26069 4
13 15 4
2331 26068 4
2335 8620 4
20466 28345 4
26076 26123 4
25718 25720 4
25608 26063 4
2360 2403 4
39 27716 4
20436 26129 4
2304 28717 4
7 26062 4
7 28504 4
25 25717 4
46 25916 4
25640 25641 4
1234 26129 4
46 28691 4
18 28496 4
1988 28732 4
27694 27716 4
483 1835 4
20466 25613 4
32 26069 4
26075 26129 4
7 25662 4
26123 28023 4
9 2333 4
1239 26074 4
39 2361 4
18812 26120 4
1237 2337 4
20433 25614 4
18 28339 4
7 25205 4
2354 28645 4
900 26060 4
950 26060 4
1988 2582 4
1237 28336 4
28641 28665 4
2366 28667 4
1246 20433 4
25 1242 4
1962 2403 4
7 28358 4
2334 25612 4
18 26069 4
23230 25621 4
26102 28695 4
25642 25645 4
25613 26078 4
1988 28698 4
2365 20433 4
1935 25608 4
1988 24786 4
18812 28665 4
26060 28700 4
1835 25621 4
23189 28336 4
2414 25717 4
13 25547 4
20465 28068 4
2335 28641 4
32 4039 4
25611 25661 4
32 25916 4
25547 28497 4
2304 25645 4
1244 2360 4
18 25881 4
1235 20433 4
18 25641 4
28330 28358 4
20466 28519 4
21722 24786 4
39 28645 4
1935 18812 4
18 1249 4
2361 2387 4
2417 25640 4
2335 26123 4
25608 25713 4
20433 27716 4
20437 25547 4
2360 2387 4
1234 26103 4
1835 25643 4
1962 28413 4
39 28693 4
28341 28345 4
2034 26060 4
25916 26075 4
1247 2366 4
2 7 4
1242 2582 4
7 26115 4
26129 28711 4
2304 26109 4
1002 26078 4
26060 28576 4
2354 20465 4
2366 4039 4
25913 26103 4
2366 25642 4
25716 26078 4
18812 25716 4
7 28326 4
25913 26129 4
2334 25547 4
39 28321 4
60 28738 4
1246 2366 4
32 25641 4
26060 27381 4
28692 28694 4
20436 24786 4
20466 28715 4
23230 28320 4
2366 26103 4
25881 26102 4
2334 24643 4
24643 26103 4
26061 28736 4
32 25640 4
1950 2034 4
28321 28327 4
7 28602 4
25 28337 4
1242 25547 4
26074 28068 4
69 1835 4
1709 26102 4
2335 28335 4
53 21722 4
28320 28337 4
13 25608 4
1247 26074 4
1247 25611 4
1231 18812 4
234 20466 4
1237 2414 4
25 28688 4
2417 28645 4
234 26060 4
18812 28068 4
1241 26074 4
15 18 4
20437 27711 4
20437 26104 4
46 28497 4
25713 25766 4
1774 1950 4
2417 28700 4
26129 28068 4
20437 23231 4
1937 28735 4
2390 25615 4
7 900 4
2335 28696 4
25205 25637 4
23356 26102 4
1228 1835 4
881 2304 4
2304 27800 4
25 2315 4
1244 2335 4
2304 28494 4
26251 28497 4
26069 28205 4
28323 28326 4
15 2337 4
26103 28497 4
1835 1941 4
1835 28715 4
20466 28481 4
26075 28161 4
46 2417 4
23231 26061 4
1962 25618 4
1233 1237 4
23231 28339 4
25717 25720 4
26060 26061 4
53 1236 4
26067 26068 4
24786 25608 4
1962 2361 4
28644 28665 4
1835 28738 4
1239 26129 4
2335 27668 4
1250 1962 4
2304 25621 4
1962 2404 4
28330 28431 3
39 28339 3
1249 1988 3
1988 28735 3
1937 2360 3
1988 2329 3
2387 20436 3
23230 28700 3
2304 28719 3
20436 25202 3
53 26104 3
2403 28641 3
234 20437 3
26069 28161 3
7 26064 3
1233 2360 3
2304 28725 3
9 28736 3
1242 26074 3
25202 25608 3
18 28692 3
32 23189 3
1238 18812 3
39 1002 3
18812 28545 3
46 26123 3
20433 26104 3
1937 25641 3
2366 26074 3
2335 27714 3
2417 26061 3
25913 28732 3
1988 2361 3
25547 25716 3
13 25611 3
46 28023 3
1962 28346 3
20436 25205 3
20465 28736 3
2414 24796 3
24643 28337 3
32 27694 3
32 20436 3
20465 26081 3
1937 26103 3
1835 2034 3
1250 25608 3
9 950 3
23230 28346 3
15 46 3
1241 25611 3
2329 26078 3
1230 24643 3
2289 2304 3
1249 20466 3
1250 2304 3
2335 25602 3
26129 27607 3
2304 2552 3
9 26096 3
1835 28106 3
28496 28504 3
28324 28327 3
20466 25723 3
46 28512 3
2335 25662 3
28330 28417 3
24643 25202 3
1239 25637 3
25637 25881 3
23192 25881 3
28334 28342 3
39 25614 3
26129 28481 3
2335 25916 3
28484 28545 3
25 1234 3
2315 2390 3
39 1941 3
1835 28324 3
25640 25642 3
18 28499 3
15 32 3
2354 24643 3
20433 28691 3
23230 28629 3
25621 26060 3
9 28645 3
1249 26060 3
26073 28320 3
9 26091 3
39 25643 3
20438 20440 3
1238 25608 3
1835 28336 3
2335 28666 3
32 26081 3
20436 26103 3
1941 26102 3
1238 26129 3
1935 20466 3
2335 27381 3
2360 27716 3
2335 28629 3
60 2334 3
2365 25202 3
2329 20433 3
1246 2337 3
1835 26062 3
18 2417 3
9 26109 3
39 25766 3
2417 26074 3
28496 28514 3
26076 26251 3
2387 26078 3
1941 26078 3
1935 26078 3
2403 23192 3
1232 2360 3
2390 2582 3
4039 26129 3
28337 28428 3
2335 28648 3
1835 28490 3
2361 20436 3
2335 28695 3
1232 25637 3
25637 25884 3
32 28337 3
26123 28129 3
1937 25717 3
2366 26069 3
2387 26251 3
2414 28161 3
1461 1988 3
25 26251 3
1239 24643 3
18812 28481 3
18 25766 3
60 20436 3
2360 28695 3
1232 25547 3
7 28738 3
1246 25608 3
900 20466 3
1236 28336 3
9 25642 3
26078 28665 3
1242 18812 3
7 28667 3
23230 28118 3
2304 28646 3
2335 23231 3
32 26120 3
25 25202 3
2334 2403 3
25717 25721 3
1239 20433 3
28490 28494 3
2334 28742 3
1835 27712 3
1246 26065 3
2360 28700 3
2360 28647 3
32 28116 3
39 900 3
1988 28679 3
1988 2336 3
25547 26104 3
23230 26085 3
20437 27716 3
26065 26068 3
60 26065 3
25 2414 3
20437 26074 3
9 28695 3
23230 28378 3
25612 25662 3
1962 28345 3
25640 26123 3
23230 28694 3
2304 27668 3
13 18812 3
26073 26096 3
900 1228 3
1228 20465 3
28692 28700 3
1937 26075 3
7 26096 3
26092 26129 3
7 28516 3
1241 26103 3
28644 28648 3
25611 25913 3
1234 26123 3
2335 28339 3
25641 26129 3
25717 26076 3
13 20437 3
2360 4039 3
46 1244 3
2335 25719 3
1237 20437 3
1 1962 3
2335 28714 3
53 24643 3
1237 28732 3
60 27714 3
2414 20436 3
18812 28714 3
900 23230 3
1236 2414 3
28495 28504 3
2335 2358 3
26102 28336 3
46 28736 3
900 25611 3
2387 20437 3
2403 25608 3
9 28696 3
20466 28321 3
1247 26076 3
2404 25913 3
25 2354 3
1835 24789 3
25611 28629 3
18812 28735 3
26075 28336 3
26061 26064 3
23231 28335 3
2335 28649 3
1242 20433 3
1835 28666 3
7 28693 3
9 69 3
32 2414 3
23230 28725 3
1237 25202 3
1232 20433 3
2304 28736 3
18 28161 3
7 28725 3
1234 2337 3
25547 28499 3
1238 1250 3
1237 26075 3
20433 28692 3
32 1242 3
2356 26060 3
1709 20465 3
18812 28699 3
2414 26103 3
1237 25611 3
2304 26110 3
4039 20433 3
2360 28023 3
25 2387 3
2304 25642 3
60 26069 3
2366 28023 3
28714 28717 3
1244 26061 3
60 28692 3
26065 26066 3
7 26111 3
15 60 3
25 28699 3
1247 28645 3
25 28161 3
7 20443 3
2390 26129 3
46 2331 3
1237 1244 3
23356 26060 3
1247 23189 3
1233 26129 3
2335 25721 3
26076 26104 3
1237 25547 3
26078 26109 3
23189 28320 3
23231 25608 3
1228 25547 3
13 1250 3
39 28330 3
1030 1950 3
2414 28736 3
32 1247 3
28496 28546 3
1242 28023 3
7 2552 3
18812 27668 3
965 25881 3
965 26060 3
1835 28504 3
2361 2366 3
1239 25608 3
2360 27711 3
2335 25645 3
1962 25786 3
1249 1962 3
1234 2365 3
7 28359 3
2387 25547 3
23231 25202 3
2335 2341 3
1246 2414 3
25766 26078 3
46 1239 3
28644 28647 3
234 2304 3
23230 28696 3
26102 26109 3
1962 27124 3
2304 2404 3
2414 28692 3
2366 28740 3
26102 28516 3
18812 23192 3
1835 28696 3
28335 28339 3
1239 2360 3
23231 25611 3
2366 28695 3
25608 25881 3
32 26123 3
23189 25713 3
2335 26120 3
2354 2390 3
18 26092 3
20433 26076 3
1962 28019 3
46 28494 3
26073 26092 3
1235 2414 3
1835 26096 3
18 25716 3
18 1233 3
28327 28334 3
26078 28692 3
2390 25202 3
2360 25720 3
23230 25720 3
1239 26076 3
25 25713 3
32 1235 3
46 25717 3
28336 28358 3
2337 26076 3
28335 28336 3
28495 28499 3
9 23192 3
25881 26067 3
1941 1988 3
950 20433 3
900 25202 3
1238 20436 3
234 20433 3
32 1241 3
1962 27716 3
20466 25645 3
1243 20437 3
9 28702 3
18812 28335 3
20443 23230 3
1030 1774 3
1244 28116 3
2552 8620 3
23189 26075 3
46 1238 3
46 26251 3
9 28382 3
1988 2365 3
25 26252 3
25713 26076 3
965 25766 3
2360 28740 3
18812 28496 3
1988 28695 3
1937 1970 3
23230 28715 3
53 25713 3
25612 28629 3
26073 28161 3
7 1461 3
20466 28335 3
234 2387 3
1241 1246 3
1970 23189 3
18 2387 3
18812 25641 3
1243 23231 3
2360 25202 3
900 25608 3
2335 28702 3
2360 28699 3
26060 28645 3
1237 25612 3
2330 2336 3
26060 28341 3
46 25202 3
1231 1246 3
234 18812 3
1228 1988 3
2331 28692 3
18 1246 3
20465 28542 3
28645 28665 3
20466 28358 3
20466 25205 3
2404 23230 3
20436 25786 3
15 26078 3
9 1228 3
25641 25645 3
879 23230 3
23189 28691 3
13 25637 3
25 25881 3
39 28494 3
26102 28696 3
1232 1250 3
2582 26078 3
26073 26091 3
1962 28374 3
1962 2356 3
2361 28679 3
27607 28158 3
21722 25716 3
20465 28358 3
24786 25202 3
39 2365 3
1962 28604 3
20466 28346 3
18812 28334 3
39 234 3
9 1030 3
46 23189 3
2335 27607 3
2366 25643 3
53 28691 3
23231 28023 3
26109 26113 3
1937 21722 3
46 26062 3
28666 28670 3
28666 28668 3
965 2335 3
20466 27716 3
26102 27716 3
25613 25661 3
2304 25723 3
2390 28645 3
28336 28357 3
234 28648 3
2360 28646 3
18812 28732 3
18 25202 3
32 25717 3
2304 28715 3
1709 26129 3
20465 28489 3
27694 27841 3
2304 2582 3
20466 28327 3
39 25881 3
2337 25916 3
25717 28497 3
26102 28358 3
20437 25916 3
2337 2361 3
20465 23192 3
39 2354 3
46 25611 3
46 25641 3
20466 26085 3
20466 28669 3
25611 25916 3
25 28504 3
2335 28665 3
20433 26120 3
25608 26075 3
2360 25719 3
1937 26129 3
32 1233 3
2304 28499 3
1238 2366 3
32 25716 3
20433 25916 3
1244 25611 3
1950 20466 3
20466 28489 3
1988 25205 3
26078 26123 3
1937 28694 3
2404 28641 3
881 1988 3
7 26081 3
9 28378 3
21722 25713 3
26063 26071 3
69 1962 3
21722 26129 3
4039 28496 3
26066 26069 3
26129 28691 3
13 2337 3
1962 26085 3
2361 28680 3
18 26120 3
26073 26129 3
9 28545 3
1937 28692 3
234 2366 3
60 1247 3
18812 26123 3
25 1970 3
1988 27716 3
14 28497 3
900 20433 3
32 2034 3
1236 1243 3
26129 28645 3
1235 20437 3
1835 25718 3
53 23189 3
13 26074 3
28323 28327 3
25612 28116 3
26075 28116 3
25547 25717 3
1935 26074 3
13 2360 3
9 234 3
9 25662 3
9 1950 3
26060 26110 3
39 28641 3
28512 28519 3
18 2331 3
1937 26074 3
20466 28699 3
26074 26120 3
2361 28641 3
1937 2366 3
20466 28484 3
7 25621 3
23230 27381 3
28330 28353 3
1835 28320 3
25613 26102 3
2360 28698 3
9 23356 3
28330 28339 3
2390 28698 3
2334 28692 3
39 27124 3
18 26085 3
2335 26251 3
9 28694 3
18812 25916 3
26129 28732 3
2552 23230 3
32 25656 3
965 24786 3
1236 18812 3
2404 28644 3
2417 28736 3
32 28736 3
1962 24789 3
2334 27694 3
4039 26075 3
60 28116 3
2337 28644 3
2361 26060 3
25640 25645 3
26060 28698 2
1 20466 2
2365 26078 2
39 27800 2
24786 26103 2
2365 2366 2
28711 28715 2
2335 28337 2
46 28496 2
23230 26110 2
2315 28688 2
2356 28023 2
1235 25608 2
1230 25613 2
26129 27694 2
25614 26078 2
2404 25614 2
2414 28327 2
20437 26075 2
26078 28545 2
28497 28512 2
2417 28641 2
26060 28686 2
26091 26252 2
2366 28116 2
25 26120 2
2321 2333 2
23230 25718 2
18812 28736 2
26102 28490 2
1962 28629 2
26102 28743 2
28494 28516 2
46 26069 2
1238 26064 2
26060 28717 2
26069 26123 2
2403 26065 2
20466 28740 2
7 28700 2
25 25614 2
910 2335 2
26103 28691 2
18 25713 2
1241 18812 2
24786 27694 2
32 2354 2
1247 26063 2
2337 26075 2
2417 26073 2
9 28666 2
1233 25611 2
1669 2414 2
26102 28693 2
1835 28326 2
1835 25721 2
2360 23192 2
26060 27668 2
1970 26123 2
18 28321 2
25637 28342 2
18812 28339 2
26069 26120 2
2329 28711 2
9 28715 2
9 28501 2
2360 25662 2
26078 28735 2
1238 26068 2
24789 25205 2
46 28645 2
2335 27716 2
26062 28116 2
1962 28266 2
25637 25716 2
25612 28161 2
2334 28701 2
1962 26071 2
2417 25547 2
2337 28735 2
2387 28665 2
28335 28382 2
28322 28342 2
26251 28499 2
9 27841 2
1250 1988 2
26103 28736 2
26078 26091 2
1919 23230 2
1241 26063 2
28336 28342 2
1230 26068 2
23230 28641 2
1235 26061 2
24789 25637 2
1234 28688 2
13 28023 2
2582 26064 2
1246 26103 2
20433 26092 2
2360 26067 2
1988 28711 2
46 25618 2
25913 28382 2
1002 25717 2
18812 24786 2
1962 25642 2
2337 28645 2
28023 28335 2
46 26120 2
2366 28670 2
53 2417 2
1238 26103 2
1239 25202 2
900 23192 2
1835 27720 2
20465 28334 2
1835 2329 2
28484 28486 2
32 1935 2
2333 28644 2
2366 23192 2
13 26252 2
23189 23231 2
1230 26073 2
1244 26063 2
1230 25881 2
20436 26120 2
26076 26092 2
26062 26065 2
1235 2366 2
1988 27124 2
1962 28657 2
69 26102 2
25713 28339 2
20466 26062 2
26069 26103 2
1236 26063 2
1241 24643 2
25717 25719 2
25 1247 2
69 28692 2
2360 28694 2
23231 26103 2
28023 28161 2
1238 2417 2
21722 25547 2
483 26069 2
1231 2337 2
1247 25547 2
23230 25602 2
25 1231 2
2360 26251 2
1247 25612 2
28326 28339 2
26096 27607 2
1228 1962 2
1241 26123 2
20465 26109 2
7 2321 2
2337 28699 2
1962 28736 2
2336 28645 2
1002 28481 2
2404 25608 2
25 26092 2
9 1659 2
1241 28161 2
1962 28644 2
28023 28691 2
1709 1988 2
46 27607 2
25608 26073 2
32 483 2
7 2426 2
18812 27800 2
1237 28497 2
965 20436 2
2366 27668 2
39 28501 2
2356 2582 2
39 28268 2
18812 28425 2
2304 28650 2
1232 20436 2
25881 26078 2
2390 25716 2
7 28617 2
39 28112 2
2334 28735 2
24643 25913 2
1230 25202 2
24643 25916 2
2304 28495 2
26103 28330 2
2366 28737 2
28645 28646 2
46 27716 2
1237 2331 2
18812 28501 2
1970 28023 2
13 53 2
26102 28604 2
9 26081 2
25662 27929 2
1237 28688 2
1243 26065 2
18 28494 2
28665 28671 2
2333 2334 2
9 28374 2
18812 28327 2
1937 2078 2
28341 28349 2
2361 28665 2
25205 28691 2
39 2329 2
1234 20436 2
1231 26075 2
39 26092 2
28484 28487 2
25 25716 2
18 1230 2
28641 28679 2
1234 25713 2
2387 25612 2
1234 1250 2
25718 25721 2
39 24786 2
1239 28496 2
1242 28161 2
27607 28688 2
25766 26073 2
9 900 2
2304 28681 2
1774 2360 2
20466 28649 2
20436 28496 2
1835 28207 2
1234 28494 2
2337 26073 2
1236 26103 2
9 25205 2
2360 28732 2
7 28325 2
2321 28711 2
25 23189 2
1835 28484 2
2334 28694 2
2329 28645 2
28665 28679 2
1232 2417 2
39 26115 2
1235 26123 2
2366 20438 2
9 24789 2
1228 26103 2
26092 28334 2
1239 18812 2
28481 28484 2
32 1774 2
1988 28440 2
28321 28339 2
1242 25713 2
28700 28702 2
23356 26078 2
1030 1962 2
4039 20437 2
26129 26251 2
2366 26252 2
28496 28538 2
25547 28496 2
881 965 2
1230 26061 2
2360 25205 2
1988 28182 2
23230 28343 2
7 28490 2
9 28551 2
2414 28023 2
1231 2360 2
7 25719 2
25716 28423 2
1988 28693 2
1241 25612 2
2335 28698 2
2337 26074 2
881 23230 2
1246 26076 2
2360 25916 2
26060 28326 2
1962 28320 2
26096 26111 2
2387 28023 2
2304 28679 2
2333 2335 2
25713 26068 2
1230 25547 2
9 25645 2
2304 28738 2
60 1243 2
20465 28099 2
20466 28331 2
28693 28695 2
2337 25720 2
2360 28739 2
2337 28691 2
20436 28023 2
2334 25716 2
28501 28512 2
7 28231 2
18812 26251 2
18812 26096 2
23230 25618 2
881 25611 2
20466 28326 2
2304 28662 2
20465 28696 2
1236 25547 2
1774 25611 2
2414 28321 2
1232 28023 2
1774 26060 2
25202 25640 2
1988 28320 2
28481 28485 2
1962 28161 2
23231 25637 2
8619 28718 2
1835 28718 2
26103 28688 2
26129 28337 2
25 26067 2
20437 25202 2
32 25643 2
20433 26069 2
25611 25716 2
60 1237 2
23231 26073 2
2335 25621 2
39 28699 2
26078 27694 2
2304 28431 2
26075 26252 2
1242 26065 2
879 1835 2
20437 25637 2
53 1237 2
1835 26109 2
1247 28496 2
1840 1991 2
2332 28714 2
25637 25913 2
2550 3428 2
23230 24789 2
2360 27714 2
1988 27800 2
1247 28735 2
2034 20465 2
1774 25916 2
13 2331 2
32 28023 2
1235 26063 2
2329 25202 2
20465 25717 2
46 1231 2
25637 26103 2
2304 25769 2
9 28339 2
1244 20436 2
26129 28692 2
13 26073 2
24643 25641 2
26102 28708 2
20433 20440 2
25615 26078 2
2354 28679 2
1002 28359 2
1250 2335 2
2034 2335 2
1988 26115 2
13 1237 2
2034 25916 2
20436 25713 2
20437 28116 2
28692 28699 2
46 2034 2
25611 25618 2
2417 25916 2
1235 26129 2
26060 28026 2
28326 28336 2
2078 27668 2
900 2335 2
28023 28481 2
46 900 2
1247 20437 2
7 28717 2
26076 28068 2
2034 20433 2
25205 25769 2
25641 25642 2
2331 26062 2
25205 25612 2
26064 26073 2
2334 28680 2
25 2390 2
25547 26076 2
8620 23230 2
28691 28698 2
9 26085 2
2360 2582 2
2403 26078 2
13 26068 2
9 26066 2
2360 28641 2
1230 21722 2
26074 28320 2
1237 26074 2
2366 24643 2
1247 25717 2
18812 27381 2
1970 20437 2
2417 26076 2
1002 26065 2
23230 28699 2
25 28656 2
1835 28489 2
18812 27607 2
1237 26251 2
1030 23230 2
7 25718 2
1232 25202 2
1937 28691 2
26069 26071 2
60 1937 2
7 28220 2
1250 28497 2
2513 3092 2
2304 26070 2
1231 28497 2
1835 26091 2
20466 28737 2
28494 28512 2
26102 28496 2
4039 25716 2
53 27607 2
26064 26071 2
881 20466 2
25716 25723 2
25786 26078 2
20437 27607 2
25717 28499 2
23230 28357 2
32 25913 2
2403 25611 2
28688 28694 2
1236 1246 2
20437 28023 2
9 1249 2
7 950 2
20433 27607 2
26061 26065 2
26075 28339 2
2550 28645 2
26078 28490 2
20437 27800 2
2330 2390 2
25916 26104 2
1237 26065 2
881 1835 2
25612 26104 2
2334 4039 2
26111 26113 2
18812 28342 2
18 25616 2
26069 26129 2
1962 28696 2
1835 28717 2
1241 26065 2
28321 28325 2
2360 25721 2
25641 25716 2
1237 2365 2
26252 28068 2
2334 21722 2
2356 28665 2
1461 2335 2
26078 28335 2
25 28645 2
32 28680 2
2361 20465 2
20465 28192 2
1249 26102 2
1937 20433 2
2078 20465 2
2337 28732 2
18 950 2
25202 25716 2
28665 28668 2
1246 23231 2
2304 25926 2
2329 2417 2
1239 26103 2
1247 20436 2
28330 28345 2
25717 25723 2
900 24786 2
39 28696 2
26104 27607 2
2331 25637 2
1835 28668 2
13 25 2
1238 20437 2
28699 28702 2
2304 28487 2
1242 24643 2
1937 2337 2
1237 26104 2
2304 28339 2
9 28400 2
53 25637 2
2329 20465 2
2390 28679 2
2414 25547 2
25621 26102 2
23192 24786 2
1950 26060 2
23189 28023 2
962 28688 2
25716 28599 2
1232 26061 2
23192 28665 2
1835 28641 2
2404 23189 2
2360 25913 2
1970 2360 2
20466 25661 2
26102 28662 2
28490 28516 2
1241 20436 2
2552 28665 2
28116 28320 2
9 28489 2
1238 25202 2
28334 28339 2
20466 28490 2
1669 26060 2
1935 25611 2
1246 25612 2
18 1250 2
1233 2365 2
1835 27381 2
1835 28481 2
25662 26060 2
20436 23356 2
32 2334 2
2363 28691 2
1237 25637 2
60 1246 2
1935 2337 2
7 28440 2
2335 28514 2
2304 28358 2
1242 1937 2
234 2414 2
46 25913 2
28325 28328 2
2387 2414 2
39 25616 2
26060 26062 2
20436 26073 2
39 28331 2
26102 27668 2
26065 28023 2
1461 1962 2
26129 28161 2
2417 25716 2
2329 24786 2
25913 28335 2
1238 26123 2
2360 28648 2
2329 28665 2
18 25615 2
26129 28494 2
23230 25661 2
1234 28497 2
1249 23230 2
26064 26066 2
26078 27381 2
60 21722 2
21722 26078 2
25547 26092 2
1234 2360 2
25769 25884 2
2356 25612 2
25913 28736 2
2417 23192 2
879 20465 2
2304 28684 2
2387 28644 2
46 27694 2
25644 25645 2
32 28688 2
23230 26064 2
26063 26068 2
2331 26103 2
60 25716 2
14 2304 2
1236 1250 2
60 28497 2
1244 23189 2
24643 25637 2
25608 27607 2
1242 25637 2
28068 28161 2
25637 26074 2
2414 28688 2
1962 27800 2
2 26060 2
2304 23356 2
18 25614 2
2335 28725 2
25 46 2
2 24643 2
39 28326 2
1231 28496 2
1237 26073 2
1962 25721 2
2426 25916 2
2304 2336 2
1 7 2
1988 28499 2
1950 25611 2
1228 1950 2
1233 28023 2
20433 28116 2
9 28602 2
1234 26064 2
1235 25202 2
18812 28320 2
28481 28499 2
24643 26075 2
25547 25641 2
7 25884 2
25786 26060 2
32 26096 2
2356 25611 2
1988 28325 2
26060 28173 2
9 28330 2
13 1233 2
1962 2078 2
2304 2365 2
9 8620 2
1237 2387 2
60 26110 2
25612 26092 2
26091 26251 2
25547 28494 2
26251 28334 2
2360 28496 2
1835 28492 2
28512 28545 2
28665 28667 2
2360 2365 2
15 1937 2
26060 28519 2
1234 26075 2
23189 28711 2
7 28205 2
26102 28694 2
25640 26103 2
965 26102 2
1709 23230 2
1988 28335 2
28504 28512 2
20465 28699 2
1234 28699 2
1231 20437 2
2414 25916 2
2360 26120 2
1835 25642 2
21722 28023 2
2360 25881 2
26078 27711 2
1231 26061 2
2387 28481 2
20437 26067 2
25205 26060 2
2078 27124 2
13 26069 2
25640 26075 2
15 2414 2
60 25662 2
20437 24786 2
28714 28719 2
1244 26076 2
25640 25884 2
1962 2333 2
20465 28481 2
1230 2366 2
18 27607 2
53 26069 2
900 20465 2
1242 2334 2
28692 28698 2
13 26065 2
46 28644 2
26129 28714 2
1241 25913 2
2334 20437 2
1988 28068 2
39 28400 2
1919 1962 2
1234 26073 2
2360 28481 2
28353 28357 2
2354 26129 2
46 26252 2
39 28694 2
25 25621 2
26073 28023 2
2387 28641 2
13 2366 2
60 27716 2
26085 26129 2
2304 28345 2
1231 25641 2
2335 28161 2
2354 25202 2
9 1774 2
20440 20441 2
26078 28565 2
879 26102 2
1935 2304 2
25608 25916 2
26076 26120 2
1241 28732 2
25713 25720 2
25547 25916 2
25202 25547 2
18812 28662 2
2414 26069 2
2333 2417 2
1988 2034 2
9 1919 2
23192 25202 2
25916 28495 2
1242 20437 2
1002 1247 2
25612 25621 2
26060 28662 2
7 286 2
2366 28715 2
18812 25202 2
20433 27707 2
9 25621 2
1970 2366 2
1239 1243 2
2360 25718 2
2366 28700 2
53 27694 2
1962 28332 2
2356 20465 2
286 1962 2
1835 25618 2
1234 26252 2
2336 20466 2
20465 26110 2
23230 28354 2
25717 26069 2
2335 28646 2
60 1232 2
1246 28691 2
46 28732 2
20436 25716 2
23230 26115 2
2417 28698 2
28692 28693 2
965 1962 2
28716 28718 2
25612 25716 2
4039 26103 2
23230 28739 2
1962 28693 2
234 2360 2
483 20466 2
18 26123 2
2414 26074 2
26063 26123 2
39 26062 2
9 2044 2
2360 27668 2
25608 26067 2
2361 28644 2
234 1988 2
24643 26076 2
1247 25713 2
21722 25718 2
234 28644 2
1988 27707 2
28662 28665 2
25643 25656 2
9 25661 2
2304 27707 2
234 20465 2
2334 25641 2
21722 26102 2
7 28679 2
7 27714 2
25 28693 2
28023 28336 2
1835 28192 2
2366 25661 2
26078 28334 2
1244 26103 2
20465 25926 2
25717 28023 2
32 25713 2
2414 26061 2
20465 28540 2
18812 28490 2
2551 2552 2
483 1962 2
1230 26120 2
1246 23189 2
1239 2414 2
27668 28629 2
25716 25720 2
1937 28320 2
1242 28116 2
234 2334 2
1239 26063 2
2337 21722 2
2414 28641 2
18 1231 2
7 2323 2
2414 27694 2
20436 27707 2
25621 25661 2
9 28326 2
23231 28688 2
25205 28023 2
28714 28715 2
24789 26060 2
28696 28698 2
2414 25640 2
1237 2417 2
1919 28336 2
1231 26109 2
881 25547 2
1239 26069 2
965 20465 2
1941 2335 2
1835 26112 2
2289 23230 2
2360 28650 2
60 26096 2
26064 26067 2
46 2390 2
18812 28492 2
28737 28743 2
1962 28740 2
1234 25612 2
7 28484 2
26069 26252 2
1232 18812 2
23230 28693 2
25 28497 2
25608 28688 2
26060 26067 2
1669 1835 2
26075 28068 2
26129 28499 2
2417 25913 2
2417 28655 2
18812 28346 2
1242 28688 2
7 28737 2
2403 20433 2
4039 28735 2
2582 28161 2
900 25637 2
2365 18812 2
483 1988 2
26109 26112 2
1835 20441 2
28717 28719 2
25 1233 2
2078 28335 2
1244 26062 2
13 1236 2
950 20465 2
1835 28650 2
28337 28358 2
60 2417 2
26129 26252 2
1962 28698 2
2335 2365 2
28735 28737 2
2315 2335 2
7 8619 2
2334 28698 2
1246 25637 2
2337 26069 2
2335 2550 2
1237 28735 2
9 28337 2
1235 26069 2
2335 2515 2
1941 2360 2
1040 26060 2
39 28666 2
20437 28512 2
1238 26252 2
46 4039 2
25916 26123 2
20465 28339 2
1774 1988 2
1246 28644 2
26103 26123 2
25926 26102 2
2360 25645 2
13 28019 2
20465 28691 2
2329 26102 2
21722 27829 2
1242 26066 2
1244 26129 2
18812 28696 2
2387 25608 2
2417 28699 2
2417 28735 2
1239 20437 2
2334 28693 2
53 28644 2
2329 2356 2
26129 28327 2
32 28679 2
2304 26065 2
2331 26129 2
2334 25614 2
18 28702 2
2361 18812 2
2360 25661 2
32 1002 2
53 1244 2
46 25615 2
14 28471 2
9 1840 2
2304 25662 2
26060 28332 2
53 2365 2
18812 27711 2
28116 28337 2
1244 28732 2
26068 26102 2
26060 28666 2
1242 27607 2
25547 28501 2
483 2304 2
2414 20433 2
1991 2360 2
26123 26129 2
25717 26123 2
1835 28699 2
26062 28736 2
2304 28739 2
60 25613 2
2329 25916 2
2417 25205 2
1937 26064 2
39 28700 2
7 28670 2
4039 26092 2
32 27707 2
24643 26073 2
2387 28668 2
23192 25612 2
28644 28657 2
2337 28116 2
26129 28694 2
25202 25602 2
2366 25637 2
1962 28695 2
20466 28545 2
20436 26251 2
46 28346 2
1247 26065 2
28323 28325 2
2315 23230 2
881 2335 2
39 28323 2
2414 25716 2
15 23192 2
18 1941 2
46 25881 2
53 60 2
1232 26069 2
2365 28342 2
26082 26091 2
25661 25662 2
1030 25547 2
39 27668 2
1659 1988 2
25611 26092 2
7 1709 2
26062 26066 2
2321 2335 2
25637 28641 2
53 28023 2
2034 2304 2
1233 25713 2
9 28414 2
39 27690 2
20466 27381 2
25717 26078 2
9 483 2
1988 26111 2
26074 28023 2
25766 26103 2
4039 28023 2
25616 26078 2
14 1835 2
28735 28741 2
26060 28738 2
32 26064 2
1242 25612 2
28736 28740 2
1962 26081 2
28490 28501 2
1941 28023 2
1250 26102 2
2360 28497 2
20433 26251 2
2336 23230 2
25547 28645 2
1669 20433 2
28649 28650 2
1988 28736 2
28327 28337 2
25613 25618 2
32 1937 2
21722 26104 2
23230 28324 2
20438 20441 2
1774 1962 2
7 26066 2
1970 20433 2
1669 2366 2
1234 26068 2
25913 28023 2
20437 25621 2
1970 26103 2
25205 25611 2
20466 28738 2
1991 25716 2
32 28481 2
28068 28106 2
2390 28711 2
28666 28689 2
26060 28320 2
25202 25612 2
1002 26064 2
20466 27841 2
2336 25916 2
1935 26075 2
1233 28711 2
53 28501 2
1988 2354 2
18 27668 2
25 2365 2
25720 25721 2
20437 28336 2
2337 28715 2
7 28182 2
1246 26064 2
2417 25614 2
2366 25913 2
32 24786 2
2358 28650 2
1241 28439 2
1231 26063 2
39 2034 2
1988 28319 2
1239 25611 2
7 1030 2
2304 28648 2
2366 23189 2
1962 23356 2
39 25642 2
881 25608 2
1002 28116 2
2335 2551 2
26103 26104 2
7 28353 2
2390 28648 2
9 28353 2
1230 1243 2
1962 28665 2
1246 26104 2
2315 28692 2
23189 27714 2
26078 26096 2
20466 28494 2
18812 25615 2
9 28320 2
1234 26074 2
2335 28743 2
2334 2414 2
9 1669 2
26060 26096 2
1250 26103 2
28406 28408 2
18 28334 2
7 28669 2
26129 28496 2
18812 28551 2
25547 27607 2
27711 27714 2
1970 25616 2
7 28545 2
20437 26066 2
965 26065 2
2335 28495 2
1231 26064 2
2366 28717 2
14 32 2
2335 28657 2
1835 2333 2
26066 26092 2
13 25713 2
26070 26092 2
1970 26074 2
28489 28496 2
1249 1835 2
1231 28336 2
28496 28497 2
23189 26129 2
1774 20466 2
18 2403 2
25 28691 2
32 25881 2
18812 28738 2
1244 28692 2
53 2331 2
20437 25717 2
2360 3092 2
20437 26252 2
1235 26066 2
965 23192 2
20433 28339 2
1232 26103 2
900 25766 2
26251 28481 2
28483 28484 2
28494 28517 2
2366 25720 1
32 28345 1
18 2329 1
1233 4039 1
60 28735 1
1230 27694 1
20436 23231 1
7 28723 1
1835 2363 1
25616 25916 1
25913 26075 1
28494 28520 1
28339 28349 1
1232 26092 1
1249 28688 1
46 1243 1
2329 28736 1
21722 25613 1
2335 26252 1
20465 25613 1
1962 28699 1
39 26068 1
1228 1774 1
39 26064 1
8619 26102 1
20466 28702 1
18 1935 1
2304 28334 1
25547 25616 1
4039 28714 1
2403 25621 1
1228 25641 1
483 25608 1
1835 28441 1
9 28693 1
26102 28649 1
23230 28667 1
23230 27124 1
1232 23192 1
26069 26091 1
234 2550 1
299 20466 1
26078 28497 1
1236 1709 1
26078 28345 1
1002 28497 1
25614 26073 1
20465 28715 1
18 2078 1
26068 28116 1
2331 28698 1
26082 26092 1
28486 28488 1
1236 2331 1
2334 28737 1
60 28694 1
1709 28161 1
2390 20437 1
14 28688 1
25616 25662 1
1237 28737 1
18 28740 1
9 2321 1
2582 25616 1
25 25637 1
39 26085 1
25613 25881 1
46 1247 1
4039 26104 1
1234 2334 1
26069 28068 1
9 28679 1
1835 28482 1
286 2414 1
23230 28524 1
1962 28725 1
26067 26092 1
26075 28212 1
20465 25661 1
32 25613 1
1461 28737 1
2552 20466 1
2414 28495 1
1970 25612 1
25611 28161 1
60 28715 1
28665 28670 1
18 28739 1
1247 28353 1
20466 28693 1
20465 28702 1
2304 26067 1
2337 25926 1
2363 28668 1
2034 27607 1
69 20437 1
26103 26112 1
9 2551 1
1991 2331 1
2360 28425 1
39 1243 1
9 1667 1
1937 25642 1
1962 28268 1
24786 28336 1
26251 28367 1
23231 25717 1
28336 28378 1
20433 27712 1
234 28337 1
2044 25547 1
2365 25766 1
1228 25916 1
1835 4038 1
2335 28719 1
1002 26129 1
26060 27704 1
28495 28542 1
2361 25621 1
25205 26129 1
1231 27607 1
2289 26102 1
1243 28495 1
20465 28538 1
46 28672 1
24643 26069 1
1236 26104 1
4039 20436 1
2315 2551 1
26064 26070 1
39 25662 1
25611 28691 1
2366 27716 1
25713 25884 1
2304 28723 1
25719 26060 1
1235 2360 1
2335 24796 1
234 2582 1
1236 20436 1
39 25723 1
1935 1937 1
2390 23189 1
2337 28499 1
1231 2417 1
28512 28564 1
26082 26252 1
7 28343 1
20466 28667 1
25616 26092 1
26120 28068 1
1238 28337 1
4039 25612 1
1774 25926 1
18 2404 1
1231 25916 1
950 26103 1
1238 28494 1
1239 28161 1
26102 28665 1
60 26071 1
39 1950 1
26078 27707 1
1962 26111 1
20465 26065 1
26060 28484 1
1244 21722 1
2304 25884 1
39 28471 1
25926 28023 1
1238 28336 1
1238 25618 1
25608 25786 1
32 25615 1
1241 21722 1
25547 25637 1
2078 20437 1
2304 25947 1
1835 28633 1
46 965 1
18 28490 1
2414 25618 1
2358 28651 1
13 25913 1
18 69 1
2034 23231 1
2358 2390 1
46 26074 1
39 26063 1
2366 28662 1
2336 2390 1
1230 25612 1
1235 28116 1
20441 26073 1
26103 26251 1
1237 1247 1
2329 25547 1
20465 28524 1
1988 28332 1
28662 28666 1
28325 28330 1
2334 28725 1
2329 25913 1
1230 23189 1
2417 2551 1
26096 28023 1
1238 2334 1
1919 2337 1
1774 28023 1
26069 28576 1
2417 21722 1
53 25913 1
26092 28662 1
28335 28431 1
1237 25786 1
25202 26064 1
1241 28737 1
2360 8620 1
2417 25616 1
20437 28514 1
891 1005 1
964 965 1
23230 28668 1
15 2360 1
20466 28629 1
18 28501 1
1230 26092 1
1233 26065 1
14 28337 1
18812 28715 1
1249 26104 1
1234 1243 1
60 28742 1
28330 28387 1
2404 25611 1
28646 28657 1
28343 28346 1
2334 28732 1
60 1230 1
2366 28608 1
25614 26103 1
46 1669 1
1962 28666 1
14 28325 1
13 26120 1
25881 25916 1
25637 25786 1
27607 28068 1
13 26091 1
9 28719 1
46 28693 1
1238 2414 1
1002 1235 1
26063 26129 1
20437 25913 1
1243 28417 1
7 28156 1
53 25719 1
2360 28495 1
28320 28321 1
18812 28484 1
24643 28161 1
46 25613 1
14 28730 1
25611 28688 1
25202 28023 1
26064 26092 1
9 27124 1
20436 28736 1
26129 28431 1
1002 28644 1
2360 28737 1
1234 25202 1
2360 25637 1
2337 28702 1
53 1002 1
9 26082 1
1241 25613 1
26076 26103 1
25713 27607 1
2337 28647 1
32 28494 1
26251 27712 1
1233 2417 1
32 28487 1
28487 28494 1
20466 27711 1
26076 28336 1
1233 26075 1
965 20437 1
2390 25613 1
26069 28222 1
46 1236 1
26129 28693 1
2387 28649 1
24643 25766 1
20433 25717 1
2354 28644 1
1231 26096 1
25 1239 1
1236 1237 1
1236 25612 1
1970 25613 1
23230 25786 1
13 28688 1
2360 28702 1
23192 23231 1
2334 23192 1
7 28696 1
2387 28691 1
46 25637 1
14 28335 1
2365 27607 1
25713 26085 1
23230 28504 1
53 27800 1
69 1241 1
2365 26123 1
26102 28487 1
483 20465 1
28481 28512 1
1249 25547 1
2337 25613 1
46 28698 1
26251 28520 1
1774 25547 1
1238 2403 1
2582 25608 1
28644 28667 1
18 26109 1
234 25608 1
20466 23356 1
9 28250 1
1962 28411 1
20436 28161 1
20466 25720 1
28068 28116 1
1244 2404 1
32 2078 1
1935 26085 1
1970 26092 1
25618 25662 1
1962 26091 1
20437 25618 1
28325 28342 1
9 28335 1
26074 28253 1
1244 25612 1
2390 28715 1
28688 28699 1
60 24643 1
9 2034 1
2360 2551 1
1669 2337 1
26061 26068 1
2582 26129 1
1709 28496 1
23189 25916 1
1941 20436 1
2329 28743 1
60 28245 1
1709 18812 1
25717 26252 1
2304 28492 1
32 1234 1
20437 20440 1
2337 25202 1
1249 2366 1
1962 2034 1
26129 27800 1
28509 28511 1
53 28739 1
1962 28737 1
32 28252 1
39 28670 1
9 28738 1
20466 28341 1
25647 26060 1
2304 25602 1
25661 26073 1
1241 26073 1
1919 27800 1
13 26061 1
1950 27668 1
28494 28581 1
2336 25926 1
1230 28496 1
1235 1970 1
1246 25202 1
286 26075 1
7 25656 1
26078 28693 1
13 25641 1
23230 28702 1
39 1935 1
2 15 1
1941 25916 1
20443 26060 1
4039 26069 1
60 28516 1
25913 28665 1
53 28161 1
1231 28688 1
28068 28156 1
1937 26252 1
26102 28738 1
39 27712 1
20466 25211 1
26129 28428 1
1950 2304 1
1236 25611 1
1988 28322 1
28693 28701 1
1232 2390 1
26061 26069 1
1835 28112 1
53 2387 1
13 1246 1
1835 2341 1
2404 25916 1
28023 28495 1
28499 28501 1
60 1241 1
60 28012 1
25913 28495 1
1234 28337 1
60 1244 1
2404 25202 1
1244 28494 1
20465 28320 1
25 25723 1
25611 26103 1
1962 28516 1
28023 28511 1
26102 28701 1
26065 26070 1
1988 25645 1
26069 28496 1
1244 28496 1
26120 26129 1
26074 26082 1
1242 28738 1
1002 25547 1
26076 26091 1
25616 26073 1
25616 26063 1
28490 28512 1
1235 1937 1
1919 2335 1
1988 28694 1
20465 27713 1
1988 25656 1
13 24643 1
39 26112 1
1239 28641 1
2321 26103 1
1228 1232 1
2414 26104 1
18 28679 1
2390 25786 1
28679 28680 1
965 25637 1
25719 28497 1
2582 25615 1
25234 27690 1
2304 25114 1
46 23231 1
20436 20443 1
20433 25205 1
26078 28358 1
2404 25640 1
2315 2356 1
2289 26129 1
2387 25637 1
28337 28357 1
7 26110 1
2304 28519 1
26081 26129 1
2329 25611 1
1233 2387 1
2337 25662 1
25 28692 1
2034 26075 1
9 28629 1
2248 18812 1
25766 25901 1
28326 28327 1
1709 26078 1
28366 28367 1
26063 26087 1
1228 26252 1
23230 28512 1
25881 26087 1
1835 2668 1
2366 28699 1
1835 1919 1
1244 1937 1
20437 28669 1
18812 25719 1
2426 20466 1
39 28711 1
25611 28473 1
2333 25641 1
2403 24643 1
25716 28496 1
1236 26075 1
23192 25717 1
1243 26103 1
26060 26109 1
286 1988 1
23230 23356 1
1237 28496 1
26129 28485 1
26078 28700 1
881 26078 1
69 2366 1
25618 25621 1
39 28413 1
2417 26104 1
1237 1937 1
60 1919 1
25643 26060 1
28325 28337 1
53 28517 1
4039 25713 1
28644 28650 1
39 28671 1
25547 26111 1
1461 23230 1
39 28605 1
2304 28651 1
1241 25614 1
950 20466 1
13 1247 1
1040 28023 1
39 27711 1
2417 26075 1
1835 28438 1
25661 26102 1
1962 27841 1
2387 26123 1
1962 28649 1
20438 26102 1
9 28349 1
2304 27714 1
23230 28679 1
60 28161 1
2358 28644 1
25 28481 1
483 26102 1
23192 28481 1
1236 28688 1
2329 28742 1
18 1950 1
23230 25723 1
1991 27704 1
2356 20466 1
26103 28337 1
26129 28665 1
1234 28691 1
1970 4039 1
2335 20439 1
28320 28342 1
4039 27694 1
1244 28691 1
1233 26073 1
28641 28680 1
25 28696 1
60 28743 1
25 26123 1
2404 28665 1
18 28699 1
2414 25901 1
1238 25717 1
1937 28695 1
2417 28695 1
2334 25916 1
1935 26251 1
24643 28116 1
25 1249 1
4039 25641 1
1231 28484 1
2390 20443 1
25202 26123 1
2321 28717 1
2361 26078 1
39 1774 1
1236 2360 1
28495 28501 1
26060 28715 1
53 25661 1
20465 28629 1
1242 28694 1
60 1233 1
1231 26251 1
26102 27800 1
28353 28386 1
9 28040 1
28490 28546 1
23192 25901 1
23230 28444 1
9 2679 1
1962 28358 1
2329 2387 1
25211 26060 1
46 26112 1
26251 28068 1
1238 24643 1
1988 2078 1
2387 27694 1
20465 28326 1
2034 2358 1
25202 26075 1
1247 4039 1
7 28702 1
2044 26060 1
2354 25547 1
1250 28496 1
15 1244 1
26102 28314 1
881 1231 1
23230 26112 1
2390 25640 1
1247 28327 1
2513 28651 1
18 28736 1
25913 26064 1
28335 28389 1
1228 2034 1
25114 25637 1
25202 28519 1
32 2403 1
1988 2404 1
53 25721 1
2289 21722 1
32 1232 1
2334 26104 1
28116 28735 1
1988 2552 1
25 28336 1
15 25637 1
1962 28648 1
1230 1970 1
1002 1231 1
234 2390 1
1243 24643 1
1988 28439 1
2417 28617 1
234 25637 1
18 2289 1
2363 28666 1
28698 28699 1
26078 26081 1
2417 24796 1
28322 28324 1
32 28161 1
900 2337 1
23230 28698 1
2078 21722 1
1232 24786 1
53 23192 1
2387 2552 1
2414 26076 1
2356 28645 1
20465 27714 1
1233 28494 1
881 2360 1
18812 25926 1
1232 2414 1
26091 27607 1
1242 25913 1
25 8620 1
26073 28192 1
1230 20436 1
28481 28491 1
1962 28655 1
23230 26071 1
1243 2360 1
53 28495 1
9 28129 1
4039 28116 1
2390 23231 1
25547 28337 1
32 1030 1
18 2354 1
1237 1238 1
28496 28519 1
28512 28565 1
1244 28644 1
2354 20466 1
1239 24786 1
13 28506 1
26069 26085 1
1238 25640 1
25637 28336 1
24789 26129 1
26076 26252 1
1243 1247 1
24643 24786 1
1232 25713 1
25608 26069 1
25881 26065 1
1941 21722 1
2315 28699 1
1244 25717 1
9 28321 1
25611 27668 1
2304 26096 1
2334 2365 1
2360 28499 1
20433 25926 1
1962 28485 1
23231 28068 1
13 46 1
28331 28389 1
60 1250 1
53 1242 1
1242 1246 1
1230 2034 1
26103 28488 1
60 26074 1
1962 28520 1
39 28516 1
1002 26120 1
25612 26123 1
7 2289 1
60 2387 1
25641 25656 1
13 1230 1
2366 20443 1
26062 26067 1
1237 24786 1
4039 25916 1
20466 25647 1
28023 28026 1
2330 28645 1
1230 1246 1
2304 20441 1
25881 26075 1
25916 28023 1
32 23356 1
2304 2551 1
26251 28023 1
1 18 1
1232 28688 1
1237 28644 1
1237 25716 1
9 26111 1
1970 21722 1
27124 27704 1
20436 25114 1
46 1232 1
2354 25608 1
9 26086 1
28496 28512 1
20465 25720 1
1709 25202 1
299 1239 1
1242 28494 1
25615 28116 1
39 28655 1
60 28345 1
1235 25766 1
1233 24643 1
1230 1250 1
69 27694 1
1835 28413 1
28666 28667 1
28736 28737 1
25202 25713 1
1231 28345 1
23192 25616 1
879 26078 1
1919 1988 1
2366 25723 1
1774 2366 1
4039 28499 1
2304 28182 1
2366 26063 1
2358 20465 1
1228 20433 1
18812 28325 1
1962 28542 1
1246 24643 1
25202 28488 1
28490 28547 1
20466 28501 1
2304 28400 1
2361 25547 1
25713 26092 1
1835 25720 1
13 28641 1
25 28499 1
39 28499 1
53 26252 1
2304 28652 1
1840 28366 1
2361 2582 1
26078 28012 1
28337 28386 1
18 2582 1
2387 25205 1
2366 25645 1
26060 28359 1
2366 8620 1
18812 25881 1
25 27124 1
25717 25916 1
1970 27124 1
1970 28665 1
1030 25881 1
20433 23231 1
2361 24786 1
23192 25640 1
2414 28665 1
28324 28330 1
1250 24643 1
2356 2366 1
14 28190 1
2360 25643 1
25766 25913 1
20437 26085 1
483 20433 1
2387 25641 1
1238 25637 1
2337 28737 1
46 25723 1
1965 26129 1
26251 28490 1
28023 28339 1
18 28688 1
2390 8620 1
2337 2403 1
23231 28665 1
1238 2582 1
1941 25913 1
1235 26252 1
53 28679 1
7 2358 1
25611 28604 1
25713 28487 1
1233 27694 1
25547 25786 1
20466 26081 1
7 28719 1
1239 1970 1
20465 28700 1
25637 28692 1
2315 2354 1
2335 25947 1
26091 26120 1
24643 28692 1
25 28641 1
28386 28387 1
60 28335 1
60 2403 1
2335 28668 1
1232 25717 1
1991 2044 1
1235 25611 1
14 28605 1
25916 28645 1
28672 28688 1
25 28732 1
7 1669 1
20465 28259 1
32 25718 1
2337 25547 1
1238 28481 1
2304 28545 1
1246 25618 1
2334 28739 1
7 27381 1
1835 28647 1
1250 20433 1
20466 28520 1
18 879 1
25547 25723 1
20441 26060 1
2414 25621 1
18 28335 1
20466 28504 1
20443 25786 1
28330 28378 1
2335 28679 1
1250 1835 1
1919 28694 1
1988 20443 1
32 28670 1
28490 28492 1
13 25916 1
28161 28641 1
2363 28669 1
2363 2417 1
2329 2582 1
1835 27714 1
25913 26092 1
1991 25640 1
1247 28732 1
28438 28439 1
1242 26123 1
234 27800 1
23230 28485 1
1228 25766 1
20465 27668 1
2356 8620 1
28648 28665 1
1962 26109 1
965 1988 1
1247 25614 1
18 27716 1
2304 28524 1
2360 25884 1
1835 28464 1
60 2331 1
900 2304 1
28332 28337 1
28511 28529 1
25637 26075 1
2337 2582 1
25769 28599 1
1941 26103 1
965 2387 1
28488 28490 1
1238 28497 1
23230 28335 1
7 28212 1
26078 28617 1
26062 26078 1
1941 28116 1
1970 2365 1
20465 25777 1
1230 28693 1
20466 28323 1
26120 28116 1
9 28641 1
26102 26115 1
1962 27712 1
26060 28490 1
2321 26060 1
18 2361 1
2414 28116 1
1237 1243 1
2387 25640 1
26075 28192 1
1835 28378 1
25615 25618 1
1962 28735 1
1235 1243 1
1835 25211 1
1002 1244 1
18812 25931 1
2552 25608 1
2366 28718 1
1238 1244 1
1235 28691 1
2034 25913 1
2332 2335 1
60 28336 1
2361 26129 1
13 1232 1
28443 28497 1
2366 26076 1
26064 26102 1
28481 28551 1
28357 28373 1
26061 28116 1
18 28330 1
20436 26092 1
7 28366 1
26060 28541 1
2354 26103 1
1243 18812 1
2337 25766 1
2315 28698 1
1231 1243 1
26064 26069 1
25713 28486 1
1228 20437 1
25 2329 1
26103 28374 1
21722 25717 1
23231 28161 1
2417 25615 1
1935 26129 1
2336 20433 1
2331 25611 1
1988 28400 1
25615 25621 1
25916 28118 1
26060 28699 1
1709 25611 1
25202 28645 1
2390 8619 1
1950 20433 1
2334 2361 1
13 2387 1
1237 26120 1
1988 28696 1
28325 28339 1
1233 1250 1
1237 1250 1
25612 28023 1
18812 25766 1
26129 28738 1
26092 28641 1
25916 26251 1
26102 28679 1
25 2403 1
26102 28629 1
9 25718 1
18 28719 1
26251 28336 1
25637 28339 1
1235 28692 1
14 1962 1
26060 28366 1
26102 27690 1
9 1967 1
20466 27668 1
4039 25913 1
23230 28325 1
26067 26075 1
28743 28745 1
18 25640 1
26064 26123 1
2552 8619 1
20433 28161 1
20433 28501 1
2321 28081 1
20465 28641 1
18 25647 1
2360 28423 1
1835 28131 1
20465 28131 1
28550 28551 1
234 25202 1
28679 28688 1
962 20466 1
28382 28383 1
60 1970 1
2335 26064 1
39 2333 1
2360 28721 1
2331 21722 1
26102 28345 1
1236 2034 1
1461 20466 1
1835 20443 1
32 1669 1
7 28550 1
1232 1709 1
26123 28721 1
9 28471 1
2304 28490 1
20433 26085 1
1235 2361 1
1988 28657 1
1234 2403 1
24786 25205 1
20436 28341 1
53 26076 1
879 1962 1
1237 1239 1
23231 26104 1
26102 28425 1
2337 28742 1
2414 28487 1
1231 28481 1
1250 20436 1
1659 20466 1
1232 1246 1
1237 1709 1
2331 28740 1
1234 26092 1
2414 25637 1
2360 28336 1
1937 26113 1
53 25615 1
28161 28192 1
1233 2034 1
32 2417 1
1246 25716 1
2289 20466 1
1988 27713 1
2330 2360 1
28686 28735 1
1243 26129 1
1242 26075 1
1233 2331 1
39 28068 1
18 25618 1
962 26060 1
1919 28116 1
1246 26073 1
25 26087 1
2365 25611 1
1236 1840 1
25618 26060 1
28373 28418 1
18 2365 1
1962 3092 1
1962 28647 1
1962 2332 1
26129 28688 1
2354 2417 1
26074 28337 1
25713 25718 1
23230 28734 1
28330 28418 1
2334 25913 1
21722 28335 1
2417 28116 1
2358 2360 1
25608 28336 1
25611 28641 1
53 28116 1
25641 25644 1
2390 28688 1
1232 25926 1
28423 28425 1
20466 25719 1
25717 25913 1
1919 24643 1
26060 28730 1
25 1228 1
26066 26102 1
1237 26076 1
1244 25913 1
25716 27690 1
15 28339 1
1242 28485 1
2044 27124 1
2365 2404 1
4039 26096 1
1461 2334 1
1236 28481 1
1231 1247 1
2337 27694 1
1669 1962 1
1774 25716 1
1231 25713 1
18812 26062 1
2315 26103 1
2334 28714 1
25618 26078 1
20465 28357 1
21722 27716 1
26109 26115 1
1950 25608 1
2335 27712 1
25202 26251 1
20433 28745 1
46 28495 1
28512 28516 1
23231 26096 1
2356 23230 1
2360 20440 1
18812 28700 1
1002 28512 1
1237 2390 1
9 14 1
1234 28665 1
46 28140 1
26065 26102 1
14 28336 1
1962 25718 1
24643 26092 1
25202 26252 1
1937 25719 1
9 2332 1
2078 25547 1
46 1235 1
26076 26111 1
2304 26091 1
18 25720 1
2417 25901 1
2354 28680 1
1239 1247 1
2414 28339 1
2361 23189 1
28711 28734 1
1230 28688 1
28490 28542 1
25615 26103 1
21722 26074 1
1232 25611 1
1246 25901 1
26078 28688 1
39 28081 1
26102 28702 1
24643 28693 1
24643 28738 1
26060 26104 1
60 1231 1
965 26078 1
1242 25611 1
25612 25618 1
7 28020 1
26060 28679 1
28314 28333 1
2361 26103 1
18812 26085 1
2329 28644 1
1231 25547 1
1234 2414 1
20466 28656 1
27707 27716 1
28335 28418 1
18 28326 1
26060 28182 1
26060 28504 1
25 4039 1
60 26123 1
1232 1247 1
2304 28516 1
39 28192 1
28691 28701 1
26102 28464 1
25612 25661 1
24643 27607 1
46 26067 1
2335 28421 1
25547 28339 1
1249 2304 1
23230 28737 1
28335 28406 1
1234 25614 1
25547 25611 1
26091 28161 1
1962 26114 1
26103 28504 1
1937 26076 1
18812 28645 1
28490 28541 1
1962 28700 1
26102 28182 1
1230 20437 1
2414 25713 1
2354 2582 1
1244 25642 1
1962 2248 1
26103 27929 1
25205 26102 1
20433 28335 1
1935 28691 1
25720 26102 1
25913 28702 1
2404 18812 1
1234 26065 1
25 24786 1
21722 23231 1
2390 25720 1
25 25615 1
28333 28336 1
1232 2331 1
26102 28335 1
1988 8620 1
46 24786 1
1835 26087 1
20466 28205 1
26123 27694 1
26068 26087 1
1962 2363 1
1235 23356 1
7 28498 1
25637 25645 1
2356 2360 1
1247 26064 1
1835 1965 1
28023 28714 1
2335 20438 1
20437 25611 1
2337 28650 1
483 26129 1
39 483 1
26073 28376 1
1988 26085 1
18 26110 1
27716 28020 1
2304 2321 1
891 2387 1
25881 28691 1
24786 25661 1
1937 25611 1
14 28751 1
28645 28655 1
2335 26096 1
1962 28335 1
26102 28641 1
7 14 1
1962 28490 1
26129 28641 1
2403 26123 1
25621 26078 1
18 28698 1
1231 27716 1
1241 20437 1
1230 25713 1
25611 26076 1
2366 26120 1
2334 25640 1
20466 25662 1
20437 26069 1
2414 25205 1
1242 28496 1
26104 26252 1
23230 26111 1
1461 28735 1
25 28068 1
25721 28497 1
2304 28670 1
1230 25608 1
32 28495 1
32 27668 1
25713 26252 1
2034 25881 1
1937 24643 1
18812 25643 1
28644 28680 1
1962 28330 1
23230 28690 1
1991 18812 1
1962 28702 1
1239 25643 1
26129 28192 1
32 25661 1
2354 20437 1
46 1234 1
25202 28116 1
1247 25613 1
2360 24786 1
1237 26069 1
28485 28492 1
2356 18812 1
1238 26075 1
14 28304 1
1835 28517 1
20466 25640 1
881 26060 1
2390 2550 1
2304 27381 1
2390 28742 1
2335 27929 1
27707 27800 1
2329 28738 1
2403 24789 1
2366 28431 1
25 25640 1
26060 28716 1
24786 26129 1
1962 1967 1
950 25611 1
2333 2337 1
2582 28337 1
2335 28717 1
900 1774 1
26076 28131 1
2417 4039 1
25114 25608 1
2582 28736 1
1246 26075 1
234 2329 1
1230 26123 1
1669 18812 1
25 21722 1
2335 28068 1
2304 2332 1
1233 2337 1
28665 28680 1
28327 28332 1
25 26112 1
2289 26060 1
9 28432 1
28689 28690 1
39 28504 1
1962 25662 1
28322 28339 1
1228 1236 1
13 1231 1
25234 25769 1
1244 28743 1
20437 26251 1
20437 28662 1
1002 2337 1
23356 25202 1
1236 1244 1
1 46 1
23230 28481 1
1236 2365 1
20465 28695 1
1962 27381 1
7 26063 1
7 25723 1
1241 28182 1
9 27714 1
1988 26114 1
7 28400 1
32 26109 1
25717 26073 1
2337 25114 1
1937 25640 1
7 28482 1
26060 28671 1
60 25641 1
2304 28203 1
2315 26102 1
25211 28735 1
39 28719 1
25713 25881 1
26078 28691 1
1243 28335 1
1005 1669 1
1002 18812 1
4039 25547 1
1962 26113 1
20466 28320 1
26060 28354 1
2356 25114 1
32 28742 1
28686 28736 1
1231 2363 1
26069 28158 1
1774 2304 1
39 25618 1
26070 26078 1
1244 4039 1
1241 1970 1
26111 26115 1
1242 2360 1
20465 28694 1
2417 25769 1
2329 2552 1
1230 25717 1
28695 28700 1
25608 25884 1
2404 20465 1
26102 28341 1
26074 26103 1
1230 26104 1
1835 28259 1
26060 28325 1
2337 28692 1
39 25718 1
25612 26073 1
1988 28327 1
1988 28662 1
60 25916 1
1246 26074 1
2361 8619 1
25913 25926 1
21722 25662 1
1941 25547 1
25716 25881 1
25881 28023 1
25913 27607 1
1247 24643 1
26102 28602 1
1835 28667 1
2360 28428 1
1935 26073 1
25662 28617 1
2354 25611 1
1234 23189 1
26060 28644 1
2366 8619 1
1247 28494 1
2366 28641 1
1962 28334 1
2304 25777 1
1234 2331 1
32 27735 1
1239 20436 1
25114 25612 1
9 28252 1
20466 28173 1
14 53 1
2404 23192 1
26129 28736 1
26102 28617 1
1241 26252 1
28732 28736 1
1950 1970 1
2304 28743 1
25916 26074 1
1241 26076 1
9 28512 1
1237 25713 1
1941 2337 1
18812 25786 1
32 28019 1
1941 1950 1
1230 2334 1
2414 25661 1
1242 28538 1
20466 28695 1
25608 26120 1
1235 26075 1
46 1937 1
28519 28545 1
23189 25547 1
1242 25613 1
23189 26123 1
39 26111 1
2366 28702 1
1239 25641 1
2343 28641 1
9 28751 1
46 28499 1
25916 26252 1
25713 28023 1
7 28581 1
2387 26075 1
1941 25608 1
1962 28715 1
2331 2387 1
24789 25611 1
60 1239 1
2335 26085 1
2361 28714 1
1950 26078 1
20465 28400 1
39 28484 1
1230 1709 1
25637 27694 1
28330 28331 1
26060 28498 1
1230 25615 1
39 2323 1
1239 25766 1
2335 28651 1
39 27714 1
28641 28645 1
1247 2390 1
7 28378 1
2417 28023 1
24643 25615 1
53 26123 1
2360 26091 1
8619 23230 1
2304 8620 1
2404 28691 1
1231 25716 1
20433 28693 1
2337 2404 1
46 2321 1
2304 25234 1
1237 1246 1
2513 28645 1
46 25614 1
1241 26075 1
25713 26069 1
1236 28337 1
7 28382 1
2403 26103 1
46 2403 1
60 23231 1
1242 1247 1
1965 18812 1
1988 2356 1
1835 2358 1
15 25881 1
60 1235 1
28367 28432 1
2403 20465 1
1238 25713 1
25716 26103 1
20465 24789 1
28711 28725 1
20437 28694 1
28336 28373 1
1242 26073 1
25717 25766 1
26104 28192 1
1962 28326 1
23356 25766 1
2329 28666 1
25713 28495 1
26103 26252 1
25 965 1
1835 2321 1
1002 2335 1
25547 28444 1
2417 28702 1
20437 23189 1
2335 28499 1
25913 28116 1
889 900 1
2361 28698 1
2414 26075 1
1935 26103 1
25913 28161 1
20466 28641 1
2361 20433 1
23231 25547 1
26062 26070 1
2335 26061 1
2513 23230 1
2387 25614 1
1230 2336 1
25716 26129 1
1970 28161 1
26060 28512 1
1774 25608 1
1230 4039 1
23230 28374 1
2582 20433 1
2304 28702 1
26067 26103 1
1935 25547 1
28491 28492 1
26102 28439 1
9 28716 1
2334 24789 1
1228 28337 1
1233 26104 1
26075 26114 1
9 1461 1
25720 26060 1
1249 20433 1
46 28695 1
25547 28688 1
7 25720 1
1835 28655 1
1241 2366 1
962 26102 1
1937 25637 1
26075 26096 1
28116 28161 1
20436 27735 1
28335 28411 1
1228 25608 1
2361 20437 1
962 964 1
1249 26078 1
24643 25717 1
32 1246 1
1237 28495 1
1835 25645 1
26069 27607 1
1250 28581 1
2321 28689 1
1988 26063 1
9 25618 1
26252 28337 1
25 1941 1
2360 26114 1
26078 28341 1
1962 26062 1
1002 1937 1
23230 25114 1
1244 28699 1
1774 23189 1
2414 24643 1
7 1250 1
2582 28116 1
26102 28484 1
24643 28688 1
2360 28651 1
18 24786 1
965 26075 1
53 26120 1
1988 26067 1
1235 2365 1
1835 28373 1
2513 2550 1
1231 2366 1
1233 2334 1
20436 25612 1
2078 26103 1
18812 28702 1
25616 28116 1
21722 27800 1
1233 23192 1
20466 28648 1
2403 28691 1
2289 2360 1
20465 28644 1
1667 20465 1
1002 2390 1
1002 2366 1
25205 25713 1
1040 20465 1
23230 28551 1
26064 28161 1
1774 23231 1
25613 26103 1
26129 28334 1
20465 26091 1
1246 26063 1
2337 26252 1
20465 28655 1
1967 18812 1
2334 28695 1
28716 28725 1
2329 26103 1
1002 1242 1
18 28068 1
2360 28701 1
2304 25656 1
23230 27714 1
39 28732 1
28666 28669 1
1236 2390 1
32 1941 1
20433 26123 1
1236 25202 1
26074 26252 1
9 28099 1
24786 26063 1
60 23192 1
1231 26069 1
28327 28330 1
26092 28068 1
4039 26123 1
23192 26076 1
1774 23230 1
25613 28116 1
25 28408 1
26065 26092 1
25786 26075 1
20465 28545 1
2417 25234 1
2335 26091 1
20466 28192 1
2337 25640 1
2404 24789 1
26069 26112 1
23230 28345 1
15 1709 1
1249 25916 1
2337 25615 1
1232 2404 1
26076 27668 1
9 25926 1
28339 28356 1
24643 26120 1
26123 28026 1
13 2365 1
1237 28641 1
20436 28339 1
15 53 1
2304 2333 1
25202 28735 1
2414 23192 1
20437 25881 1
32 2329 1
20439 20440 1
25202 28496 1
2337 25719 1
15 23189 1
1231 23189 1
28116 28648 1
26078 28124 1
2582 28732 1
1040 2304 1
32 234 1
26104 26120 1
2335 25114 1
32 28339 1
25611 25662 1
2304 26112 1
1233 27607 1
1237 28337 1
1950 24643 1
25662 26078 1
26076 27690 1
1235 20436 1
53 25662 1
20465 28501 1
18812 27712 1
1234 25616 1
2417 25641 1
1232 4039 1
881 20433 1
26060 28647 1
1247 28116 1
2551 28698 1
46 2387 1
1238 26092 1
1231 26074 1
46 28116 1
25641 26069 1
24643 28023 1
20437 28484 1
23230 28695 1
25766 28700 1
7 28718 1
25926 26073 1
60 28441 1
1988 26064 1
2404 26103 1
26067 28116 1
28485 28491 1
46 28723 1
1232 2387 1
7 25645 1
2354 2404 1
46 25719 1
2337 2354 1
25615 27668 1
1247 25716 1
28161 28633 1
1030 24643 1
27707 27849 1
2387 25662 1
25713 26074 1
1774 20433 1
25766 28691 1
14 20465 1
9 28667 1
20437 28695 1
1236 26073 1
25719 26078 1
234 25547 1
39 25786 1
26251 28339 1
25637 26066 1
2360 28649 1
2365 25916 1
1239 25881 1
25716 28499 1
39 28414 1
25716 28068 1
26078 28336 1
18812 28695 1
1233 24786 1
26076 26096 1
20466 25656 1
1669 2335 1
18 28696 1
483 26060 1
69 2304 1
20465 25618 1
1236 26076 1
26103 28662 1
1239 2365 1
13 2329 1
2034 23230 1
1 9 1
1244 20437 1
23189 25717 1
25611 26075 1
1937 25716 1
18812 25618 1
18 28322 1
2366 27707 1
2335 28334 1
2331 2390 1
1835 28323 1
26069 26115 1
1238 28116 1
28188 28190 1
2387 23189 1
1247 1937 1
18 1243 1
32 28648 1
1835 28742 1
26129 28023 1
1233 2414 1
26060 28725 1
26252 28116 1
69 26078 1
1002 26067 1
2417 20437 1
20443 20466 1
13 234 1
1246 26251 1
2304 28473 1
7 28253 1
2417 28599 1
1709 1970 1
2334 23356 1
25 28496 1
26102 28330 1
26091 26109 1
13 25612 1
28320 28367 1
18812 28321 1
28320 28325 1
15 26073 1
20465 27707 1
26129 28686 1
25611 25713 1
1935 25641 1
1962 26112 1
1835 2552 1
46 28694 1
23231 27668 1
23230 28173 1
32 27800 1
26078 28489 1
25718 25723 1
23230 28443 1
1835 28686 1
25114 26078 1
7 28418 1
879 24643 1
483 23230 1
1234 28161 1
26068 26069 1
26129 28497 1
1988 28366 1
2551 28665 1
20465 23356 1
1233 20436 1
23230 28170 1
1246 28702 1
1235 1247 1
1962 28124 1
2365 20436 1
46 1242 1
7 28514 1
25547 27714 1
25 28629 1
46 25766 1
23230 26086 1
18812 27841 1
2360 27800 1
2335 27690 1
26071 27607 1
26068 26251 1
2034 2360 1
2289 27668 1
1002 25913 1
1236 28116 1
1937 27668 1
1247 1941 1
1234 2404 1
2414 28335 1
2414 25616 1
2417 28161 1
2403 28161 1
2360 28374 1
2034 25608 1
28646 28647 1
234 28023 1
2334 25615 1
2390 23356 1
23189 25612 1
7 28551 1
1988 26096 1
28327 28374 1
1246 25611 1
26251 28465 1
28023 28545 1
18812 26252 1
7 28465 1
20466 28140 1
2360 28376 1
1962 28400 1
2387 25713 1
1237 25616 1
7 2336 1
28335 28432 1
26061 26063 1
1970 27607 1
2337 24643 1
26076 28320 1
1030 1228 1
1950 25881 1
23230 28222 1
1234 1246 1
26066 26068 1
2334 2356 1
26103 28665 1
2387 26092 1
24789 25608 1
1236 2366 1
2334 25211 1
28497 28504 1
69 1988 1
1950 2335 1
2329 28735 1
53 25202 1
881 889 1
25 950 1
2335 25718 1
7 28608 1
26064 26075 1
20466 27124 1
25 28517 1
2365 26069 1
2360 28742 1
26075 28170 1
20433 28732 1
25547 25720 1
20465 28480 1
1236 28023 1
1231 25637 1
1835 25662 1
1233 25637 1
20465 28432 1
2343 2361 1
23231 28116 1
32 26091 1
1230 2414 1
28023 28245 1
20465 28321 1
39 20443 1
2329 28732 1
28662 28688 1
20466 27690 1
1241 2390 1
28665 28669 1
26060 28342 1
1230 28481 1
20465 28693 1
2417 28268 1
2321 28688 1
3092 28645 1
26103 27716 1
2315 2334 1
20437 26091 1
234 2361 1
46 1233 1
23231 26075 1
18 25645 1
1835 28702 1
2358 28641 1
2337 28717 1
28321 28337 1
1234 24643 1
28498 28509 1
28477 28480 1
1233 26092 1
18 1244 1
2360 25114 1
7 26113 1
2304 28330 1
25716 26123 1
20465 28485 1
2403 26104 1
20433 25640 1
25205 28496 1
20436 25547 1
1231 2582 1
20433 28330 1
9 28325 1
27711 27849 1
1659 2414 1
2404 2417 1
25766 28337 1
26102 28480 1
2304 28718 1
18 28732 1
2337 26123 1
28711 28716 1
28645 28647 1
60 1242 1
2329 20436 1
1238 28732 1
1659 2403 1
25608 26076 1
14 28345 1
2417 23189 1
1230 28488 1
26060 28099 1
26060 28693 1
28353 28358 1
9 2336 1
2513 28641 1
25916 28336 1
25637 26252 1
1243 4039 1
18812 25661 1
25926 28732 1
20465 25205 1
28339 28428 1
2360 28666 1
1970 28068 1
84 27704 1
24789 27690 1
24786 25913 1
2334 25613 1
1242 28499 1
2360 28512 1
1835 28327 1
26078 28413 1
60 26073 1
2551 28644 1
2331 25717 1
7 28324 1
2333 28188 1
1232 2337 1
2337 28667 1
26060 26113 1
53 1238 1
2360 28494 1
24786 28161 1
26102 28742 1
1247 28161 1
25766 28335 1
2414 25766 1
28335 28374 1
2404 26102 1
53 1919 1
28023 28106 1
28540 28543 1
25721 26060 1
23230 27929 1
7 25211 1
1235 25547 1
234 28590 1
2334 25713 1
2 2323 1
1246 1941 1
39 2356 1
9 20438 1
53 25881 1
26066 28023 1
26070 26075 1
900 25881 1
26060 28374 1
2582 26075 1
23230 28332 1
1835 20438 1
60 26120 1
28688 28696 1
28485 28490 1
2366 28649 1
1242 2329 1
25547 28161 1
2336 28646 1
1002 26068 1
1235 28023 1
20465 28341 1
28715 28742 1
881 1962 1
2361 28023 1
28320 28358 1
28579 28581 1
28565 28567 1
2361 28691 1
2414 25926 1
32 2331 1
2417 25637 1
2360 27712 1
4039 23231 1
18 1232 1
60 24786 1
25205 25913 1
20437 20438 1
25 1002 1
1236 26109 1
9 28669 1
2304 28716 1
1235 26092 1
1231 2361 1
20466 26111 1
25716 26074 1
18812 28524 1
28490 28543 1
2414 23231 1
53 28366 1
7 25931 1
1835 28679 1
23189 26120 1
2304 28439 1
7 8620 1
2304 28576 1
25614 25913 1
1233 1242 1
25723 26102 1
1970 2078 1
20436 27800 1
26069 28250 1
25 26109 1
25547 28336 1
1988 27841 1
2321 23230 1
23192 25713 1
28496 28542 1
84 20437 1
1233 25612 1
28481 28487 1
1237 25913 1
2337 28662 1
28645 28666 1
60 28736 1
2336 2582 1
1962 2315 1
28325 28336 1
2360 28717 1
60 27800 1
20437 25926 1
28326 28387 1
2360 28662 1
14 26073 1
26060 26115 1
2582 26123 1
39 2289 1
25766 28497 1
1250 28481 1
25608 25901 1
1246 28023 1
20433 25618 1
2360 26063 1
46 1919 1
28665 28691 1
20436 28068 1
14 28321 1
60 1234 1
2334 28645 1
1970 28644 1
24786 28320 1
14 1247 1
46 60 1
1988 25621 1
18 27707 1
25608 26251 1
965 28688 1
1919 2304 1
39 28040 1
26123 28330 1
28490 28514 1
13 1970 1
18 25926 1
8620 26102 1
1941 18812 1
1235 1237 1
2 23230 1
28692 28696 1
1030 20437 1
2334 28023 1
26073 26109 1
20433 25615 1
2304 28484 1
4039 25616 1
23230 28356 1
1970 2414 1
2417 27694 1
53 28504 1
32 28492 1
7 25114 1
23231 26076 1
881 1950 1
2304 28414 1
1239 2390 1
1962 28529 1
28509 28547 1
20437 26109 1
1239 25616 1
28711 28718 1
2336 26060 1
28492 28509 1
1243 28068 1
25612 25766 1
32 1244 1
1988 28328 1
60 25202 1
7 28192 1
2337 28714 1
2403 25717 1
53 1239 1
13 28116 1
24786 24796 1
15 900 1
26102 28519 1
1241 26120 1
1659 23230 1
1461 20433 1
1236 25641 1
2414 28374 1
25916 28116 1
1835 28590 1
2390 28629 1
1988 28512 1
7 28386 1
1002 25608 1
1965 26123 1
28327 28339 1
26103 26120 1
2331 25713 1
28735 28740 1
32 1239 1
25641 26073 1
20436 26104 1
2387 28645 1
32 28645 1
26102 28374 1
9 28672 1
25612 27607 1
1239 28723 1
2335 28715 1
25913 28383 1
2334 26123 1
1835 2330 1
1040 2335 1
2354 26104 1
1941 20433 1
21722 25614 1
25717 27607 1
1962 2321 1
25913 27381 1
1669 2387 1
1234 28345 1
25614 26129 1
28337 28421 1
2366 28161 1
7 27929 1
26073 27668 1
28323 28339 1
1709 1835 1
13 1235 1
23230 28019 1
1937 25713 1
26068 26092 1
28646 28649 1
2417 28711 1
1461 26102 1
25913 28339 1
9 2358 1
23192 25205 1
1235 2331 1
15 25616 1
13 32 1
28378 28387 1
1461 20465 1
1835 25647 1
1835 2336 1
26078 28714 1
25 23192 1
1937 28116 1
26078 28337 1
28644 28670 1
1461 28736 1
9 28313 1
1962 28498 1
25716 25884 1
28481 28517 1
900 1962 1
1230 26129 1
26065 26123 1
2335 28670 1
25723 26060 1
20466 28567 1
46 1230 1
25547 26123 1
1228 2360 1
25 2034 1
1243 20433 1
2417 25766 1
28732 28738 1
26085 26102 1
2360 26068 1
1970 26067 1
60 2390 1
28497 28501 1
25608 28714 1
32 28651 1
2365 26074 1
9 28504 1
2360 28337 1
1840 2304 1
1244 25641 1
1243 25916 1
2403 26129 1
2366 28742 1
28482 28485 1
25614 28023 1
1234 25613 1
26078 28542 1
26102 28354 1
2360 25723 1
25661 26103 1
20436 25640 1
1937 25612 1
1002 25612 1
2 1962 1
26111 26112 1
2354 20433 1
879 1988 1
25618 26102 1
2304 27841 1
28540 28545 1
28499 28564 1
1247 27694 1
21722 26251 1
23189 26069 1
25547 26063 1
25614 25916 1
46 1970 1
28406 28413 1
39 28662 1
26073 28116 1
1236 28691 1
2358 28739 1
25662 25713 1
1950 25202 1
23230 25642 1
23189 27694 1
2426 25913 1
879 26060 1
46 28345 1
26061 26251 1
1236 21722 1
1988 26110 1
1988 25766 1
1234 25621 1
1247 28304 1
20466 28696 1
1962 25719 1
1239 28494 1
4039 26076 1
1233 1244 1
1244 24643 1
53 27716 1
1935 2078 1
25547 25766 1
25608 25640 1
1249 2335 1
23230 28400 1
53 28742 1
23230 28205 1
1247 25637 1
2403 25916 1
2390 25641 1
1244 1247 1
32 25618 1
2668 2679 1
1967 1991 1
2078 26060 1
26102 28698 1
2333 20436 1
20437 23356 1
1232 26120 1
1238 25611 1
1247 26075 1
28482 28486 1
1237 1669 1
1002 1232 1
2417 26251 1
1835 28602 1
1232 20443 1
2360 25621 1
1988 28408 1
2387 2550 1
9 2289 1
2304 2513 1
1669 26102 1
25766 26074 1
1935 20437 1
28336 28345 1
25202 28545 1
25611 28337 1
26104 28068 1
1941 28516 1
1244 25716 1
1937 28738 1
1246 28665 1
2331 18812 1
1230 28497 1
39 28324 1
1962 28414 1
8619 28698 1
2366 2582 1
1233 25547 1
27607 28023 1
2304 26114 1
28330 28414 1
2304 28512 1
18 28336 1
23192 28499 1
1970 25916 1
1230 28116 1
28669 28679 1
2334 27716 1
32 2390 1
14 2337 1
1247 2417 1
24786 28374 1
25202 28641 1
1231 28494 1
60 25614 1
25637 26064 1
1247 26104 1
26060 28334 1
26252 28378 1
25642 25643 1
1246 25717 1
2387 25202 1
26070 26087 1
234 2331 1
15 26069 1
26060 28511 1
53 26073 1
1988 28203 1
39 27841 1
26102 28645 1
1950 26102 1
25 2404 1
25 28698 1
1988 28480 1
2403 27607 1
1242 2354 1
25 25642 1
2321 28112 1
26103 28313 1
1962 28425 1
23189 25716 1
1461 28688 1
46 28477 1
2366 28646 1
26078 28382 1
32 28652 1
26078 28131 1
1247 28325 1
25 25913 1
32 2387 1
39 25719 1
28488 28491 1
2404 26078 1
26060 28506 1
20466 26109 1
9 26114 1
1247 2337 1
28672 28679 1
26064 26065 1
1840 1988 1
69 26129 1
1988 28326 1
26074 26123 1
1962 27714 1
1941 25618 1
25547 28641 1
1239 28484 1
