7 23230 74
7 20437 74
7 20465 73
7 1988 67
7 2304 63
2304 2366 56
7 1962 55
7 2335 49
7 26060 47
1988 20466 44
9 1988 42
9 39 39
1835 2366 39
2304 2360 38
2366 20437 38
9 23230 37
2304 23230 37
2304 20433 37
7 20433 36
9 2335 35
7 20436 34
20436 20465 34
7 1835 33
7 46 32
7 2360 31
7 20466 31
1988 23230 29
2335 20437 28
1835 2304 28
18 1988 28
2335 2360 28
20433 20436 27
1988 26060 27
2304 20437 27
2360 20436 26
39 23230 26
1835 20433 26
2304 26060 25
9 20465 25
9 26060 24
1962 2304 24
2304 20436 24
1988 2360 24
2366 20436 24
39 20465 23
7 25 23
9 2304 23
2360 20465 23
1835 2335 22
1835 20465 21
20465 20466 21
39 2304 21
9 20437 21
39 2360 20
20465 23230 20
9 1962 19
20437 23230 19
7 60 19
1835 20437 18
1988 2304 18
20437 20466 18
7 2366 18
2304 20466 17
2304 2335 17
2360 20437 17
9 20433 16
20465 26060 16
1962 23230 16
23230 26060 16
20433 23230 16
20466 23230 16
2360 18812 15
39 1988 15
1962 2335 15
1988 20465 15
2335 23230 14
1962 1988 14
1835 20436 14
9 20436 14
1988 18812 14
39 1835 14
1835 26060 13
2304 26078 13
2304 20465 13
20437 26103 13
2334 20436 13
9 1835 12
60 23230 12
39 20437 12
7 26078 12
9 2360 12
2335 20436 12
1835 23230 12
46 20465 12
20433 20466 12
1962 26060 11
39 1962 11
20436 26102 11
7 18 11
23230 26103 11
39 26060 11
39 26102 11
2335 26060 11
39 20466 11
2335 20465 10
7 9 10
20436 20466 10
2335 20433 10
20466 26060 10
18 39 10
9 20466 10
39 20436 10
9 26102 10
9 60 10
2360 20433 10
46 2304 10
46 23230 10
39 26103 10
1962 2360 10
7 26102 10
7 18812 10
39 2335 10
46 1962 9
1835 20466 9
1962 20436 9
1835 26102 9
2360 23230 9
7 26103 9
1988 2366 9
18 2304 9
46 26060 9
1988 20437 9
1962 26102 8
46 1988 8
9 2366 8
1988 2335 8
1988 26102 8
39 2366 8
1962 20437 8
7 1236 8
18 20465 8
7 39 8
20433 20465 8
2304 26102 8
1988 26129 8
1835 1988 7
1962 18812 7
9 26129 7
7 21722 7
20436 23230 7
46 20433 7
2335 2366 7
18 26060 7
2360 26060 7
2335 20466 7
1835 1962 7
2366 20466 7
1988 20436 6
46 20466 6
7 32 6
39 20433 6
9 46 6
18 1835 6
7 53 6
2304 26103 6
7 26129 6
2304 18812 6
2360 2366 6
20437 26102 6
1988 20433 6
23230 26102 6
18812 23230 6
60 20465 6
1988 26078 6
2366 23230 5
46 20437 5
2366 26102 5
2304 2334 5
7 1242 5
20433 26060 5
1312 2414 5
2366 20433 5
60 20466 5
20437 26078 5
18 18812 5
1962 20465 5
18 20466 5
20436 26060 5
9 26103 5
25 1988 5
20465 26129 5
39 18812 5
1835 2360 5
25 23230 5
20436 20437 5
32 1988 5
21722 23230 5
18 23230 5
2366 26060 4
39 2414 4
18 26129 4
25 26060 4
20433 20437 4
26073 26074 4
1835 26078 4
20437 26060 4
20465 26078 4
1835 18812 4
32 26078 4
1835 26103 4
1962 25547 4
23230 26078 4
60 1988 4
9 18812 4
1962 2334 4
20433 26102 4
39 26078 4
25 20437 4
2360 26103 4
60 2304 4
13 20466 4
60 26102 4
60 20433 4
2331 2414 4
39 26129 3
60 2335 3
18 60 3
18812 20466 3
2414 23230 3
46 18812 3
20465 25547 3
1233 2360 3
2334 20443 3
7 15 3
1233 1236 3
1234 1236 3
2335 18812 3
53 2304 3
1242 20433 3
2360 26078 3
26060 26129 3
2335 2414 3
2335 26103 3
46 2360 3
1988 2334 3
23230 25766 3
2414 20436 3
20437 20465 3
1962 20466 3
1835 2414 3
32 2304 3
2304 2414 3
18812 26129 3
32 20465 3
2360 20466 3
20433 26078 3
18812 20465 3
25 20466 3
25 18812 3
1242 20465 3
7 26069 3
1962 26129 3
26060 26103 3
18 26102 3
20437 24643 3
25 1835 3
2304 25766 3
18812 26060 3
1962 20433 2
1835 26069 2
23230 26129 2
26078 26103 2
2360 21722 2
1962 21722 2
32 39 2
7 2414 2
2360 26129 2
18 2360 2
1835 26089 2
7 4023 2
39 23189 2
32 26103 2
25 2304 2
60 20437 2
23230 26074 2
2304 24643 2
1236 1239 2
7 1239 2
1988 21722 2
1242 2360 2
32 20466 2
20433 26103 2
7 2334 2
53 20465 2
2304 26069 2
2331 2335 2
7 2331 2
1962 26069 2
1835 21722 2
9 24643 2
25 26129 2
7 25637 2
39 2334 2
20466 26123 2
1835 2334 2
60 26060 2
1236 2335 2
20466 26129 2
1962 2366 2
7 20443 2
20465 21722 2
1962 25713 2
1236 20436 2
2304 26129 2
7 1965 2
25 39 2
25 2360 2
7 25766 2
60 1962 2
2366 26103 2
20443 26078 2
25 1962 2
60 2360 2
2335 24643 2
20436 26078 2
1962 26103 2
32 1835 2
60 1835 2
2366 18812 2
965 20466 2
20433 26129 2
2337 20436 2
2304 25205 2
32 20437 2
46 2335 2
2335 21722 2
2304 21722 2
60 26129 2
2335 26102 2
18 20437 2
18812 20437 2
20465 26102 2
2334 20433 2
1835 25547 2
4023 18812 2
2335 25611 2
23230 26076 1
2329 26103 1
25205 25611 1
2304 25913 1
1970 1988 1
20437 26074 1
1236 2360 1
1988 26069 1
32 2335 1
60 20436 1
23192 26060 1
18 25 1
23230 25913 1
20437 25881 1
25 60 1
1970 21722 1
20437 25713 1
60 18812 1
18 2366 1
7 26712 1
9 26123 1
1230 1236 1
299 2304 1
2337 20437 1
20433 26712 1
7 26123 1
1835 25611 1
965 20465 1
46 60 1
2414 20465 1
60 26078 1
1242 20466 1
26073 26081 1
2360 2414 1
32 2360 1
18 1239 1
4023 21722 1
7 24643 1
2334 20465 1
2366 2414 1
1941 26060 1
1835 26129 1
2331 2360 1
39 1242 1
25611 25713 1
1835 25713 1
1835 1965 1
1242 2366 1
7 25202 1
26060 26102 1
46 26078 1
20466 25713 1
2414 26102 1
1235 20433 1
39 53 1
20466 25202 1
1988 20443 1
299 20466 1
23192 25611 1
1835 23189 1
46 25547 1
7 1249 1
1835 1919 1
32 1962 1
234 1312 1
2360 26069 1
1234 2366 1
25 2366 1
1242 23230 1
1941 20437 1
9 13 1
2304 25547 1
1242 20436 1
46 26129 1
2331 23230 1
9 32 1
1988 2414 1
18 46 1
25205 25713 1
20465 25713 1
20437 26076 1
20465 25202 1
1231 18812 1
1233 18812 1
18 1962 1
20466 24643 1
1919 2304 1
18 2335 1
39 1233 1
2329 2366 1
2334 26102 1
20433 26089 1
2360 25913 1
25202 25205 1
60 2366 1
20433 26123 1
2335 23192 1
9 2414 1
2334 20437 1
4038 23230 1
9 4039 1
4039 20437 1
26102 26123 1
18 26103 1
1835 26123 1
234 2414 1
2335 25205 1
26060 26078 1
25 20465 1
53 26060 1
25202 25637 1
21722 26060 1
2304 25881 1
21722 24643 1
20433 21722 1
20436 26069 1
20433 23189 1
1835 2337 1
1235 1988 1
39 23192 1
1238 2360 1
20465 25913 1
20466 25913 1
20436 26123 1
2414 26060 1
32 1236 1
46 26102 1
46 1232 1
25202 25881 1
9 53 1
1234 20433 1
20465 26252 1
20436 26103 1
21722 26102 1
4023 4038 1
46 24643 1
2304 25611 1
2304 26089 1
1233 20437 1
60 26123 1
20466 26078 1
1230 1234 1
9 25205 1
26103 26129 1
21722 25611 1
26073 26252 1
2360 24643 1
18 20436 1
25 26078 1
23230 26073 1
1236 1988 1
18812 20436 1
1233 23230 1
2414 20433 1
2337 2366 1
1233 20433 1
9 25766 1
25 26102 1
1970 20465 1
1249 2304 1
13 20437 1
1236 1835 1
32 26129 1
20433 26252 1
965 2360 1
1235 20466 1
1965 25205 1
20465 25637 1
4039 23230 1
25766 25881 1
7 1970 1
2360 26102 1
20436 25547 1
1230 1232 1
20465 26074 1
1236 26089 1
25202 26103 1
2337 2414 1
2304 26712 1
1962 4039 1
1962 23189 1
1236 23230 1
26089 26712 1
2304 2582 1
9 26078 1
60 26103 1
20436 26076 1
1941 26103 1
2335 26123 1
21722 26103 1
2334 20466 1
2304 23192 1
1235 1238 1
7 4038 1
1242 1962 1
20437 25913 1
7 26081 1
2335 4023 1
7 1233 1
1242 18812 1
1230 1231 1
2360 26252 1
1962 2582 1
1233 2304 1
1835 26076 1
23189 23192 1
1988 26073 1
1941 2304 1
1233 1239 1
15 2366 1
32 26102 1
46 20436 1
2335 25202 1
46 1835 1
1236 20433 1
