2304 2366 904
7 1835 829
1835 2366 797
2366 20437 646
1835 2360 632
7 23230 539
1835 26049 525
7 2304 494
20465 20466 487
1835 20437 485
1835 20433 465
7 20466 439
1835 20466 435
1835 23230 421
2360 20436 411
7 20433 406
9 1835 404
7 20465 383
2360 20437 371
2335 2360 366
2335 20437 352
1835 2335 335
39 1835 334
1835 20465 329
7 1988 325
1835 2304 324
1835 1988 310
2304 20436 307
7 26060 289
1835 1962 274
20466 23230 269
7 20437 267
9 20466 267
9 23230 264
2360 2366 259
7 2366 259
2304 20437 257
1835 20436 256
2335 2366 252
9 1988 246
2304 23230 241
7 2360 241
2304 2360 239
2366 20436 238
7 1962 235
7 2335 234
1988 20466 223
20433 20436 219
1988 23230 212
1835 26060 208
9 2304 205
2335 20436 202
20436 20437 199
39 20466 197
7 26049 197
9 20433 180
2360 20465 180
20465 23230 177
20433 20466 176
20433 23230 175
2304 20433 173
2304 20466 168
1988 20433 167
9 20465 165
39 23230 163
20437 23230 162
39 20437 161
9 20437 160
20436 26062 158
1835 26102 158
9 26060 157
1835 26103 155
9 1962 154
2304 2335 152
25 1988 151
9 2335 151
25 1835 149
39 20465 148
2360 26049 147
20433 20437 146
20437 20466 142
9 39 141
2360 20433 140
39 1988 139
20436 20465 139
2304 20465 139
7 18 138
7 26102 136
2360 23230 135
20437 26103 132
7 20436 132
2335 20433 131
1988 2304 130
1988 26060 130
2335 23230 129
1988 2335 127
9 2366 127
2304 26060 126
26060 26071 126
1988 2360 124
7 25 124
7 32 122
23230 26060 121
1962 2304 116
20437 26060 116
9 20436 114
9 2360 113
39 2366 113
20465 26060 112
39 20433 111
2366 23230 109
2366 20433 109
20433 26060 108
1988 20465 108
1988 20437 105
39 2304 105
26062 26066 105
20466 26060 103
2366 20465 103
1962 1988 100
7 26103 99
2366 20466 98
23230 26102 97
20437 20465 95
39 1962 95
2335 20466 95
1988 20436 94
20433 20465 93
2360 20466 93
1988 26049 93
7 46 93
39 2335 90
18 1988 88
39 2360 88
1962 26102 87
1962 20437 83
1988 2366 83
20436 23230 82
1962 23230 81
7 26078 81
39 26060 81
7 60 80
2304 26103 80
2366 26060 79
1962 20466 79
1962 20433 78
20466 26049 77
20436 26060 77
2360 26060 76
20433 26102 74
9 26102 74
1988 26102 74
23230 26049 73
2335 20465 71
18 1835 71
2304 26102 69
1962 26060 68
1962 2360 67
2335 26060 67
1962 2335 67
1835 26078 66
32 1835 66
1835 26129 65
20436 20466 64
20433 26049 62
20465 26049 61
39 20436 61
1962 2366 61
9 26103 60
25 20466 59
7 39 59
23230 26103 59
2360 26103 58
20437 26049 58
20465 26102 57
46 1835 55
20433 26078 55
26049 26060 55
20466 26103 55
7 26129 53
25 23230 52
1962 26049 51
25 26060 51
60 1835 51
20437 26102 50
9 26049 50
7 53 50
1962 20436 49
1988 26078 48
23230 26078 48
9 26078 48
39 26103 47
25 20433 47
18 2304 46
18 23230 44
1835 26074 43
26060 26102 43
2304 26078 42
18 1962 42
20465 26078 42
7 9 42
2360 26102 41
2335 26065 41
32 1988 41
32 23230 41
60 23230 41
25 26049 40
7 26074 40
39 26049 39
32 20466 39
25 2360 38
26061 26068 38
7 26065 38
1962 20465 38
1988 26103 38
25 20465 37
53 1835 37
20437 26078 37
2334 20433 36
2366 26102 36
18 20433 36
39 26102 36
18 26060 36
20466 26129 35
18 20466 35
9 46 35
2334 20436 35
20433 26103 35
20466 26078 34
1835 21722 34
9 26129 33
60 1988 33
20436 26102 33
9 60 32
25 1962 32
46 23230 31
1835 27714 31
1988 26129 31
1962 26103 31
46 20433 31
39 26078 30
32 20465 30
46 20466 29
2304 26049 29
18 2335 29
23230 26129 28
60 20433 28
25 20437 27
2335 26102 26
32 2304 26
2304 27714 26
32 26060 26
18 39 26
1835 2417 26
60 2304 26
46 20437 25
18 20465 25
25 39 25
18 2360 25
1835 27713 25
2335 26078 25
7 26075 25
26060 26078 25
18 20437 25
26062 26078 24
2304 2417 24
46 1988 24
26060 26103 24
1962 26078 24
20433 26129 24
2335 26049 24
26065 26103 24
26049 26102 24
27720 27722 23
2366 26078 23
20466 26102 23
23230 27668 23
39 26129 23
1988 26069 22
2360 26078 21
20465 26129 21
53 23230 21
20465 26103 21
25 2304 21
7 27720 20
27722 27724 20
7 26076 20
9 25 19
1835 1937 19
1237 1835 19
7 27714 19
18 26049 19
2335 27729 19
20436 27711 19
32 20433 19
20433 27711 19
60 26102 19
25 2335 18
32 2360 18
1835 1935 18
20436 26078 18
20433 27712 18
2366 26049 18
27712 27722 18
18 20436 18
20436 26049 18
27712 27724 18
7 21722 18
32 20437 18
26073 26074 18
53 20465 18
53 1962 18
26102 26103 17
2335 27711 17
23230 27711 17
7 2334 17
20433 26074 17
9 26073 17
20466 27124 17
7 27712 17
2331 2335 16
7 27711 16
46 2304 16
32 1962 16
46 1962 16
1835 26076 16
9 27668 16
26061 26067 16
1835 2414 16
1230 1835 15
23230 26074 15
2304 26129 15
46 20465 15
26067 26068 15
20433 27668 15
1835 27668 15
26074 27711 15
60 20466 15
20436 27699 15
1962 26129 15
2304 26065 15
53 20466 15
20437 26129 15
7 27713 15
60 26049 14
7 26073 14
25 2366 14
2304 2414 14
60 1962 14
32 20436 14
2335 26103 14
32 2335 14
7 1237 13
2335 2414 13
23230 27716 13
60 2360 13
2337 2366 13
25 26103 13
26060 27714 13
2304 27712 13
1988 26074 13
26078 26102 13
25 20436 13
1835 26075 13
2304 27668 13
53 2304 12
46 26060 12
1835 26062 12
1236 1238 12
26049 27711 12
32 26103 12
9 1237 12
25 26102 12
26049 26074 12
32 26049 12
26060 26129 12
2304 26074 12
53 1988 12
20437 27711 12
32 26102 12
20436 27712 12
46 26102 12
18 2366 12
27712 27720 12
1835 2337 12
2417 20437 12
20466 26074 12
23230 27714 12
2337 2360 11
1988 26075 11
2331 2417 11
20465 26075 11
46 26103 11
2366 2417 11
7 2414 11
2335 26129 11
27720 27724 11
26103 26129 11
26049 26103 11
2335 27707 11
26078 26103 11
20465 27668 11
7 22 11
26049 26129 11
1988 2417 11
1835 26073 11
20433 26075 11
26066 26078 10
27707 27712 10
26049 26078 10
1835 27716 10
26060 27668 10
2366 27711 10
1237 2366 10
60 20437 10
20436 26075 10
60 26060 10
20437 27699 10
1835 25916 10
7 2337 10
53 2360 10
2334 2360 10
2360 26129 10
2337 20436 10
26073 26075 10
39 27668 9
27711 27712 9
7 26252 9
53 20436 9
1988 27714 9
60 2366 9
7 1244 9
23230 27713 9
60 20465 9
2304 25611 9
1237 20466 9
18 26102 9
1242 2304 9
26064 26068 9
60 26103 9
1988 21722 9
2366 27712 9
7 27716 9
53 20433 9
2366 27707 9
39 2337 9
1988 25202 9
46 2335 9
26049 27713 9
20437 26074 9
20465 27714 9
2335 2417 9
2366 2414 9
26252 27607 9
20465 26076 8
2414 23230 8
1236 27711 8
2414 2417 8
26049 26075 8
7 27668 8
20466 26075 8
7 27124 8
2417 20466 8
2360 26074 8
9 2414 8
1230 23230 8
1230 1231 8
32 39 8
20433 27124 8
9 2417 8
1962 26074 8
26049 27607 8
2335 25205 8
46 26078 8
20436 27694 8
27696 27697 8
1988 2334 8
60 2335 8
2360 27711 8
1237 23230 8
20436 27714 8
1233 1835 8
1988 27124 8
2304 26073 8
2334 20437 8
1988 26073 8
2335 27714 8
2335 23192 8
26074 26075 8
32 26078 7
7 1230 7
2335 27712 7
26102 26129 7
26103 27712 7
20465 27731 7
39 26074 7
20433 25611 7
1835 27711 7
20433 26073 7
26069 26074 7
1230 1235 7
1237 1988 7
26103 27668 7
1244 2304 7
46 2360 7
32 27124 7
7 1241 7
7 27724 7
2304 25637 7
20465 27713 7
39 25202 7
2334 23230 7
1835 27707 7
7 1246 7
25 26078 7
26060 27699 7
46 26049 7
1835 25202 7
1230 1233 7
1962 2334 7
1988 2337 7
7 27722 7
1234 1236 7
23230 26252 7
2337 20466 7
1247 1835 7
2360 27668 7
53 20437 7
1835 27689 7
39 2334 7
20466 27722 6
27711 27713 6
1237 27711 6
20465 26074 6
25 32 6
1234 1238 6
20433 26076 6
2366 26103 6
26074 27720 6
7 4039 6
1237 20433 6
7 25916 6
7 1247 6
1241 20433 6
9 21722 6
20436 26129 6
46 20436 6
1233 1236 6
2337 20437 6
20465 27699 6
20466 27712 6
1237 20436 6
53 26049 6
20436 26074 6
2304 2390 6
26049 26076 6
9 26069 6
26049 27699 6
18 26103 6
26061 26062 6
23230 25916 6
25 26129 6
32 60 6
7 20 6
2304 2334 6
20 26060 6
27707 27711 6
2335 26252 6
39 60 6
46 27711 6
26049 27712 6
39 26076 6
1238 20466 6
1246 2304 6
23230 26075 6
46 2366 6
32 26129 6
7 26092 6
1241 1988 6
1235 1238 6
20437 27712 6
9 1230 6
20437 21722 6
1233 1235 6
26060 27713 6
2304 25202 6
2414 20466 5
26078 26129 5
20433 27713 5
2304 27713 5
60 26129 5
23230 26251 5
1988 27724 5
23230 27124 5
27731 27735 5
23230 25611 5
7 1238 5
26060 26092 5
2366 26129 5
1233 2304 5
2366 27714 5
32 2366 5
1231 1238 5
20 20466 5
18 32 5
18 26129 5
20433 25202 5
1237 2335 5
1246 2366 5
2304 25547 5
2337 23230 5
1230 1238 5
1988 26065 5
900 1835 5
20433 26064 5
27697 27698 5
20466 26076 5
7 2331 5
39 1233 5
1242 20437 5
1246 23230 5
1962 25547 5
2414 20437 5
1962 2414 5
9 27714 5
20433 27707 5
2366 27713 5
7 25637 5
1988 27712 5
9 2337 5
1244 20465 5
9 2334 5
1835 27712 5
39 1237 5
1236 2304 5
1962 26069 5
20466 26252 5
39 27712 5
1835 2390 5
2334 2366 5
2304 26252 5
1988 25916 5
26102 27711 5
46 26074 5
2335 21722 5
1835 2334 5
27699 27702 5
26049 27716 5
26074 26102 5
9 32 5
2335 25547 5
7 1234 5
2334 2335 5
53 26103 5
18 26078 5
26065 26066 5
9 26075 5
7 2417 5
9 27124 5
20437 27124 5
2337 26049 5
26074 27712 5
1835 25611 4
2304 25881 4
23230 25547 4
39 26252 4
2335 2337 4
1238 1988 4
20437 26073 4
53 2335 4
1835 26069 4
60 27711 4
1236 23230 4
53 26060 4
9 27712 4
1233 1239 4
21722 23230 4
1241 20465 4
26082 27713 4
26060 27716 4
1233 1238 4
1242 2335 4
7 1235 4
2331 2366 4
7 27731 4
2360 25202 4
2360 26075 4
1246 25916 4
20437 25916 4
20433 26251 4
26120 26252 4
20436 26073 4
60 20436 4
1238 1835 4
2304 27124 4
20466 25547 4
2335 27124 4
20466 27707 4
2414 26049 4
1250 26060 4
18 26075 4
1937 20466 4
25 26075 4
2366 25547 4
1835 27124 4
39 26075 4
2335 25637 4
7 24643 4
20437 25202 4
27714 27716 4
2334 2390 4
1937 1988 4
7 23192 4
2304 21722 4
1937 26060 4
2360 26073 4
23230 27724 4
7 20443 4
1835 24789 4
1835 27607 4
25637 25766 4
2417 26078 4
18 26074 4
1239 2304 4
1835 25637 4
20433 27699 4
26060 26076 4
1237 1962 4
1962 27668 4
2304 26069 4
2417 20436 4
26251 26252 4
1988 27716 4
18 26062 4
18 46 4
53 26065 4
2335 26074 4
20433 21722 4
20437 27714 4
1235 1236 4
32 27712 4
20 20433 4
1230 2335 4
2417 23230 4
18 60 4
7 1236 4
20433 25926 4
2304 27720 4
27713 27714 4
1988 26076 4
25202 26060 4
20433 25547 4
7 1233 4
1247 1962 4
26049 26062 4
2337 26060 4
1231 1235 4
7 25611 4
1247 1988 4
39 53 4
23230 27720 4
27714 27720 4
27714 27724 4
23230 26076 4
9 18 4
2304 27672 4
26078 27668 4
1246 2335 4
1988 27722 4
20433 27607 4
9 26074 4
1962 26075 4
18 27713 4
39 27711 4
25 2414 4
2334 20466 4
9 26076 4
23230 27712 4
1237 2360 4
23230 26064 4
25611 26062 4
1962 27712 4
1238 1239 4
9 25202 4
20466 27668 4
26049 27714 4
2304 25916 4
1231 20433 4
2335 26069 4
1237 26062 4
1230 1239 4
2335 27722 4
26073 27720 4
26102 27668 4
25916 26078 4
20 27711 4
39 2417 4
2366 27668 4
7 1239 4
26092 26252 4
1935 23230 4
20466 27720 4
20437 27668 4
26074 26103 4
7 26061 4
1247 2360 4
27697 27699 4
20466 21722 4
7 27707 4
1236 2335 4
25916 25926 4
9 1231 4
20436 26068 3
20433 27724 3
26092 26120 3
26060 26075 3
2304 26075 3
2304 27722 3
2335 27699 3
53 2366 3
20433 26252 3
26073 27712 3
2335 25202 3
21722 26060 3
2334 2404 3
1230 20465 3
2337 2414 3
1235 27711 3
39 2414 3
26075 26076 3
20 39 3
25 2337 3
39 25547 3
23192 23230 3
1988 2331 3
1238 23230 3
2337 20433 3
7 25202 3
7 25547 3
20436 21722 3
26102 27714 3
26061 26073 3
20436 26076 3
23230 25926 3
25 27699 3
23230 23231 3
25205 25637 3
2304 23231 3
26060 27697 3
1234 1239 3
1988 26252 3
1244 20466 3
25913 26060 3
20436 27668 3
20437 26076 3
2335 27694 3
25202 25881 3
25926 26103 3
23230 27707 3
20465 27711 3
20433 25637 3
1234 23230 3
1988 25637 3
26251 27607 3
53 25916 3
26049 27668 3
7 26251 3
1231 1239 3
1242 20436 3
26073 26103 3
26049 27124 3
39 27731 3
1238 26049 3
26049 26092 3
7 25205 3
20466 23231 3
1988 2414 3
26060 26123 3
20465 24643 3
1843 2670 3
7 1231 3
39 46 3
1962 25881 3
20 23230 3
1230 1234 3
1840 20433 3
1835 25547 3
1230 1988 3
2335 25913 3
27697 27701 3
1230 20466 3
26089 26092 3
1230 1232 3
1962 21722 3
1962 27694 3
1236 1962 3
1244 1835 3
2354 20437 3
9 53 3
26074 26129 3
1244 2335 3
2404 20433 3
2360 27712 3
1244 23230 3
39 25881 3
26061 26065 3
39 27713 3
20466 25202 3
53 26074 3
7 25881 3
39 26073 3
32 25202 3
1988 26092 3
2334 26102 3
20436 27124 3
1244 2366 3
2331 2337 3
2304 26076 3
9 1235 3
1230 2360 3
25881 27711 3
1937 2304 3
26065 26129 3
39 27714 3
39 27607 3
26074 26120 3
2360 27707 3
1962 26251 3
2304 27707 3
23230 27672 3
46 27720 3
24643 27711 3
23230 26073 3
2366 21722 3
1234 1835 3
20436 26064 3
2334 26060 3
27698 27699 3
1988 27668 3
1247 2335 3
2337 26103 3
1239 20466 3
26078 27712 3
26074 26076 3
1835 27731 3
26120 26251 3
20465 27724 3
20466 27724 3
1962 27713 3
1232 1233 3
20466 26123 3
1835 26065 3
1241 20466 3
1235 2304 3
1242 20433 3
1246 20437 3
1835 2404 3
26066 26075 3
2334 20465 3
2366 26074 3
2337 2417 3
2360 27716 3
20433 25205 3
20436 27713 3
1242 20466 3
20437 23192 3
7 25926 3
1237 20437 3
9 25913 3
2335 25926 3
1230 1236 3
26049 27694 3
1230 2304 3
7 26069 3
20433 26092 3
9 2387 3
1835 25926 3
32 1237 3
2304 26251 3
9 1244 3
27696 27700 3
2304 23192 3
2414 26060 3
2417 20465 3
2366 27124 3
1835 2331 3
2366 25202 3
1988 25766 3
39 1236 3
32 1230 3
1835 26251 3
1988 25547 3
25611 25637 3
2331 25913 3
32 2414 3
20437 27672 3
22 20465 3
1235 20466 3
7 1937 3
1230 20437 3
2335 27668 3
1231 1233 3
1002 2335 2
26060 27720 2
26129 27694 2
1835 27699 2
46 27709 2
26060 27711 2
1250 20433 2
25 27713 2
1236 20466 2
1244 26049 2
2414 20433 2
25202 26074 2
7 1840 2
1243 20436 2
20437 27701 2
2356 2366 2
7 2390 2
26060 26074 2
1237 26075 2
27697 27702 2
1900 2304 2
2366 25713 2
27696 27699 2
4039 20436 2
2304 24789 2
1242 1835 2
1244 26102 2
2335 26073 2
9 4039 2
20433 26089 2
46 25205 2
25611 25766 2
60 26062 2
20466 27716 2
25590 25611 2
2360 2414 2
26069 27711 2
1243 20437 2
18 27711 2
26049 26252 2
26075 26129 2
7 1250 2
2304 25205 2
1232 26065 2
2304 27125 2
20433 24643 2
20433 27696 2
46 27722 2
25766 26062 2
27607 27712 2
26103 27124 2
25202 25766 2
25713 26060 2
1238 2360 2
26103 27722 2
1239 2335 2
23230 25766 2
2360 24643 2
1231 23230 2
2360 25611 2
1231 2304 2
2334 26076 2
18 26066 2
2360 25916 2
25202 26103 2
39 26251 2
9 25926 2
1962 27711 2
2304 26123 2
25 27724 2
2417 26060 2
26060 27712 2
20433 27720 2
1840 20437 2
20466 27713 2
1835 2321 2
27697 27700 2
1230 2366 2
1835 1941 2
1235 26062 2
26062 26251 2
1988 27720 2
7 27672 2
20 26102 2
27697 27707 2
2417 26102 2
2360 20443 2
39 1235 2
20466 26061 2
1962 27607 2
1244 26060 2
1237 26103 2
1246 20465 2
2331 2414 2
25916 26049 2
1962 26076 2
32 21722 2
2335 27724 2
27699 27711 2
18 25 2
9 20 2
20466 25766 2
18 2414 2
20436 26103 2
46 27668 2
9 2354 2
26062 26085 2
27707 27714 2
2304 2354 2
25926 26065 2
1774 20433 2
26078 27711 2
25 2417 2
1243 26060 2
20466 25916 2
2304 24643 2
27713 27716 2
25926 26102 2
1835 27452 2
27701 27702 2
1231 1234 2
1236 20437 2
20433 23192 2
1840 23230 2
39 1238 2
1835 27720 2
1962 27714 2
1244 1962 2
1246 20466 2
234 27672 2
1835 4039 2
26102 27707 2
26049 27720 2
20437 25913 2
2356 2390 2
2366 27722 2
1241 2304 2
20437 23231 2
1235 1239 2
26049 27672 2
1988 24643 2
18 21722 2
1237 26065 2
9 25547 2
1962 27731 2
1835 2361 2
1230 26060 2
2335 2390 2
26049 26073 2
26075 26092 2
53 26078 2
18 53 2
1242 1988 2
1235 26102 2
1937 20437 2
39 1241 2
2335 26068 2
26064 26089 2
20 20437 2
21722 26103 2
21722 26102 2
27720 27731 2
2304 2337 2
9 26252 2
25881 26060 2
25913 26049 2
1988 25205 2
46 1237 2
1835 27686 2
60 26078 2
20437 27713 2
26129 27716 2
2304 27659 2
23230 25608 2
32 25916 2
2335 25881 2
18 26076 2
32 27699 2
2417 20433 2
2414 26102 2
1247 26065 2
25547 26078 2
23230 26069 2
1002 26060 2
1988 27707 2
1241 1835 2
1232 20466 2
20 26049 2
27712 27714 2
1241 23230 2
1234 1235 2
27711 27720 2
20437 26075 2
1231 2335 2
26129 27711 2
26062 26075 2
20466 27607 2
26061 26064 2
25 60 2
2354 20436 2
2366 26252 2
39 25916 2
1835 27729 2
1237 2304 2
20436 25611 2
25202 25205 2
1835 25766 2
2360 21722 2
2354 20465 2
46 25926 2
2414 20465 2
22 2304 2
1236 2366 2
1935 1962 2
39 25926 2
1239 1835 2
1246 2360 2
7 27709 2
23192 25637 2
26076 26251 2
4039 26060 2
25 26074 2
2360 26252 2
1835 25881 2
20465 27712 2
39 23231 2
1241 26049 2
1919 2360 2
1835 23231 2
7 27735 2
23189 25881 2
20466 25913 2
18 23231 2
25 27668 2
26069 27712 2
2360 2417 2
2049 27672 2
26076 27712 2
9 23231 2
7 1898 2
25547 26049 2
1835 2365 2
1835 26123 2
1236 26066 2
20437 27707 2
1235 1962 2
20466 27714 2
1244 26062 2
2387 26073 2
1234 27714 2
2304 2404 2
20 27607 2
27699 27731 2
1835 27709 2
26075 26103 2
7 24789 2
1988 26251 2
27699 27700 2
9 1247 2
2403 23230 2
32 25637 2
60 27694 2
39 27735 2
2334 27713 2
7 27694 2
1769 1988 2
4039 20466 2
1988 2387 2
23192 25611 2
9 25713 2
46 1241 2
20466 27672 2
9 27694 2
20436 23192 2
26060 27124 2
39 2387 2
20437 27735 2
1962 26252 2
25637 26102 2
1247 20433 2
1232 1835 2
2417 25913 2
1242 26065 2
2360 26092 2
1962 26073 2
46 60 2
1247 2304 2
2331 20437 2
18 27716 2
2360 25547 2
7 2387 2
60 1244 2
1237 26078 2
20465 25547 2
1231 20466 2
20466 25611 2
26129 27699 2
23230 25637 2
2366 27720 2
2366 26069 2
27607 27713 2
27712 27736 2
20465 26252 2
23192 25205 2
26060 27664 2
1236 1835 2
39 27716 2
9 1236 2
1231 1988 2
1238 20465 2
20466 27711 2
1231 1236 2
46 27712 2
20437 25547 2
2321 26049 2
1835 26252 2
7 25766 2
25611 25656 2
1236 1239 2
20465 23189 2
900 2360 2
1244 1988 2
1937 23230 2
2403 20465 2
20436 25547 2
39 1242 2
234 2366 2
25926 26060 2
20 2335 2
9 1233 2
25205 25611 2
25 26123 2
1988 25913 2
1988 25881 2
2366 27607 2
1238 2304 2
1232 1235 2
26102 26251 2
23230 27722 2
26068 27607 2
20436 27724 2
26073 26076 2
1231 26049 2
27731 27736 2
1238 27607 2
1937 20465 2
39 1234 2
1241 2360 2
26069 27607 2
25926 26049 2
1937 20436 2
1835 2354 2
39 1239 2
1236 20433 2
7 27736 2
27695 27707 2
27711 27722 2
1988 27713 2
1241 26102 2
1002 1835 2
1962 27124 2
1250 20466 2
27707 27708 2
2329 20436 2
1242 26049 2
1236 26074 2
1937 2360 2
7 1965 2
26073 26120 2
1235 1988 2
2361 2366 2
2335 27713 2
26069 26102 2
1769 2027 2
20 1835 2
1231 27607 2
25 46 2
25637 26060 2
26049 26065 2
2387 2404 2
20437 25205 2
1237 26102 2
2304 26066 2
23230 25202 2
39 1247 1
20433 26065 1
4039 23230 1
23192 25608 1
20 1988 1
46 27607 1
1965 26060 1
32 23231 1
26060 27736 1
1238 2335 1
20465 27720 1
1247 20436 1
26062 26067 1
27707 27713 1
1236 20436 1
2360 2404 1
22 1236 1
22 26073 1
1228 27712 1
1235 2360 1
26102 27712 1
27712 27713 1
1250 23230 1
27698 27709 1
1247 20465 1
21 27711 1
18 1233 1
24643 26103 1
1241 27712 1
26089 26103 1
23230 26120 1
32 26074 1
24789 26078 1
20465 24786 1
25 27731 1
20465 25926 1
18 1246 1
1774 2360 1
26066 26068 1
26073 26092 1
1962 27722 1
1835 27698 1
23230 26089 1
20433 26068 1
1238 27711 1
26049 27709 1
27708 27722 1
2366 26075 1
1709 1988 1
26069 27697 1
1835 27664 1
26049 27707 1
26073 26089 1
2366 25637 1
1233 1988 1
18 25202 1
1239 26102 1
1234 26129 1
25637 25881 1
26061 26066 1
1835 2403 1
20433 25913 1
20437 26062 1
1231 1835 1
1898 2360 1
25547 27714 1
2414 26078 1
18 27668 1
20465 21722 1
9 1242 1
20465 25608 1
27694 27731 1
1233 26074 1
46 2337 1
2335 25766 1
1250 26049 1
2366 26073 1
20465 25881 1
2335 4039 1
25916 26075 1
1236 2360 1
1935 26078 1
39 26069 1
26078 26252 1
1935 21722 1
18 2354 1
21722 26251 1
26062 26076 1
7 2404 1
26102 27713 1
46 1231 1
25 26073 1
1937 2366 1
23231 26060 1
53 1246 1
895 1962 1
20437 26092 1
1231 26252 1
23230 24643 1
7 234 1
1231 1232 1
27707 27736 1
1962 2417 1
2366 25611 1
1935 20436 1
27699 27701 1
1937 2335 1
26061 26063 1
26092 27607 1
26074 26092 1
1243 26103 1
2304 2387 1
27694 27720 1
20466 27671 1
20466 26073 1
2051 2304 1
1239 2334 1
1228 1988 1
26069 26104 1
1235 20436 1
1962 2337 1
26103 27711 1
1835 27735 1
2366 2404 1
20466 26069 1
1900 26049 1
23230 26082 1
20465 26066 1
900 20436 1
1002 26075 1
18 27714 1
1835 25656 1
1962 2354 1
26060 27701 1
46 1843 1
26060 27742 1
9 1232 1
20436 27722 1
2403 26102 1
21 27668 1
2366 26076 1
234 20465 1
1244 27668 1
7 25913 1
25916 26252 1
21 26049 1
895 26060 1
1232 1988 1
60 2331 1
1835 25205 1
2354 26102 1
26060 26073 1
22 20433 1
2417 26103 1
25916 26103 1
27694 27724 1
26252 27713 1
24643 26060 1
1835 27694 1
20465 27707 1
26060 27707 1
26074 27722 1
7 1774 1
9 25205 1
2304 27735 1
1239 27711 1
39 26089 1
25 1238 1
25 1228 1
2360 23189 1
234 27720 1
1231 26078 1
20433 26061 1
18 1237 1
1935 2335 1
1232 20436 1
25881 27712 1
2404 26078 1
27712 27716 1
23189 25766 1
26060 27735 1
1237 25547 1
26060 26061 1
2361 20433 1
2390 20437 1
26068 26073 1
7 2365 1
1247 20437 1
1965 1988 1
1962 27698 1
18 25608 1
1988 25926 1
2360 27124 1
20437 26104 1
25713 27716 1
39 1246 1
26062 26068 1
1002 1962 1
25 1244 1
1234 26103 1
20 1962 1
1242 2366 1
2304 25656 1
2624 27668 1
1246 26102 1
20437 24643 1
20465 26092 1
27698 27702 1
1250 26078 1
2334 24786 1
20465 25611 1
1239 20437 1
1247 26102 1
39 24789 1
39 24643 1
1237 26060 1
22 1962 1
1835 27742 1
2360 25205 1
39 234 1
2334 27711 1
2304 25913 1
27716 27724 1
53 27712 1
23230 25713 1
26074 27607 1
26073 27722 1
23192 26078 1
2051 27672 1
21722 26085 1
2414 26103 1
23230 25913 1
25 23231 1
27720 27729 1
1238 1962 1
20433 27714 1
21 1962 1
2390 26060 1
1234 26049 1
1835 24643 1
2334 23192 1
2360 25713 1
25608 26092 1
1709 20466 1
1247 23230 1
1237 1941 1
7 895 1
2360 27713 1
1237 1840 1
1233 23230 1
26063 26065 1
23192 27711 1
23231 26075 1
2366 27672 1
1246 1988 1
1236 26060 1
25 27714 1
1988 2361 1
26064 26067 1
20466 25637 1
1230 1962 1
25913 27712 1
25547 27607 1
46 27716 1
1937 2337 1
20465 23231 1
1988 26120 1
2390 20433 1
1246 26049 1
26075 27711 1
1937 26103 1
46 26069 1
1233 20466 1
24789 25881 1
1231 26060 1
2404 20466 1
39 26065 1
1243 1988 1
60 1230 1
2360 27607 1
26064 26252 1
1988 2403 1
25 25547 1
25 25926 1
25 2334 1
1247 20466 1
7 1461 1
1241 20437 1
9 1250 1
18 1230 1
1234 1962 1
1230 27668 1
20465 27607 1
53 1238 1
1962 2329 1
1235 23230 1
1002 2366 1
21 1835 1
1244 26103 1
2366 2387 1
2335 26076 1
60 21722 1
25766 27607 1
60 1231 1
46 27707 1
20466 24643 1
1246 20433 1
20436 27731 1
22 26066 1
1231 20436 1
1937 2670 1
9 27672 1
1238 27713 1
1962 2404 1
39 27720 1
25 27698 1
46 25637 1
46 1234 1
23230 25205 1
69 23230 1
26103 27607 1
1840 27742 1
46 1246 1
2335 26061 1
2624 26103 1
895 20437 1
9 1935 1
25547 27712 1
46 26073 1
1246 1962 1
1237 25926 1
1232 1239 1
1232 1962 1
1962 24789 1
2360 25637 1
2417 26129 1
20437 26069 1
18 234 1
1239 20436 1
1962 4039 1
26092 26251 1
23230 27607 1
7 1242 1
26064 26092 1
2334 26078 1
25202 25637 1
1233 20465 1
25766 26060 1
2304 4039 1
2329 20437 1
27279 27689 1
26078 26092 1
25547 27668 1
1246 26076 1
26102 27716 1
27694 27711 1
7 26104 1
20466 26092 1
1962 27707 1
1232 20465 1
20437 27126 1
2337 20465 1
26076 26102 1
1247 1941 1
1461 1835 1
1246 26060 1
1988 26085 1
2404 26102 1
20436 26252 1
1898 1962 1
25608 26060 1
39 2365 1
1234 26102 1
2335 27671 1
23231 27714 1
27708 27712 1
1244 20437 1
2360 26064 1
1769 26060 1
1835 2034 1
20437 27722 1
1937 27712 1
39 1231 1
26073 26102 1
25611 26078 1
46 2365 1
25611 26129 1
1237 1709 1
20433 27716 1
2335 24789 1
2304 26120 1
1238 20436 1
26102 26252 1
2360 27695 1
25637 26129 1
1962 26092 1
2360 26082 1
286 1988 1
2360 25913 1
25916 26060 1
2404 20436 1
25 27711 1
27672 27675 1
20437 25926 1
26103 27707 1
2335 26075 1
9 1234 1
53 26082 1
32 27607 1
9 26251 1
53 60 1
26078 27724 1
1962 26067 1
1234 2304 1
9 1246 1
1988 27742 1
1835 27722 1
1962 27126 1
27714 27735 1
2366 26061 1
1962 26065 1
1937 20433 1
9 25637 1
2335 27662 1
234 20437 1
1935 2366 1
26063 26075 1
965 2335 1
1231 26074 1
39 2404 1
20466 23192 1
20433 27697 1
26065 26073 1
1988 27697 1
25205 27712 1
2387 20436 1
25 23192 1
9 26092 1
9 1840 1
234 20433 1
1900 2360 1
1235 21722 1
900 25202 1
20437 26120 1
18 26252 1
2304 2331 1
1002 20465 1
2404 23230 1
26103 27724 1
46 2334 1
26076 26092 1
27698 27700 1
20443 20466 1
1237 21722 1
26074 26123 1
27735 27736 1
2331 26102 1
24789 26085 1
2360 26069 1
2361 26049 1
7 26123 1
25205 26060 1
69 2360 1
1234 2366 1
23192 25766 1
26060 26068 1
900 20466 1
1241 2366 1
2034 26129 1
1840 26078 1
26089 26252 1
1988 2027 1
20437 26251 1
1231 2360 1
1935 2304 1
1988 26082 1
25881 26078 1
9 1238 1
7 26064 1
7 1002 1
234 1835 1
1235 27713 1
46 27713 1
39 1840 1
53 25766 1
1935 20437 1
27707 27722 1
25713 27714 1
25637 27607 1
9 1709 1
27711 27714 1
53 25881 1
1835 27279 1
2414 20436 1
25916 26102 1
1234 20466 1
1233 26103 1
20 20465 1
1935 1937 1
26063 26073 1
60 2417 1
23231 26065 1
20433 26069 1
26049 26089 1
21722 27714 1
7 1243 1
22 1234 1
20437 20443 1
25 27716 1
23231 26103 1
2331 20436 1
2360 27714 1
18 1238 1
1243 20466 1
1988 26066 1
20433 25916 1
2366 26082 1
20433 20443 1
1898 20433 1
965 25611 1
7 25713 1
2331 27713 1
1962 26068 1
46 1236 1
1962 23231 1
27675 27682 1
2304 20443 1
21722 27668 1
18 2417 1
32 1242 1
27707 27716 1
1239 1988 1
1233 1962 1
2304 27607 1
39 25637 1
20433 26085 1
2361 20466 1
53 26102 1
26069 26082 1
20443 20465 1
23231 26089 1
1235 1835 1
7 27696 1
2414 21722 1
25881 26103 1
1835 2387 1
22 1835 1
1228 25547 1
25 27607 1
1232 2335 1
1230 26078 1
25611 26060 1
46 26123 1
2417 27124 1
39 900 1
1835 26066 1
20465 23192 1
1774 1835 1
39 27699 1
2414 26074 1
2334 26129 1
20465 26068 1
1242 23230 1
1232 20433 1
1235 26078 1
2365 20437 1
2390 2404 1
234 2361 1
25637 26078 1
20433 26066 1
25913 26102 1
2387 23230 1
26103 26252 1
25766 26049 1
1937 26078 1
60 1247 1
7 27125 1
20466 27731 1
53 2337 1
20436 25202 1
20465 27736 1
20443 26103 1
1898 27672 1
26069 26103 1
1243 2304 1
286 20437 1
2304 27716 1
7 25608 1
1239 26060 1
7 26120 1
1709 26252 1
1238 26103 1
234 26102 1
2360 27722 1
1231 2361 1
69 26102 1
25 1231 1
27695 27699 1
2304 27724 1
46 1935 1
26103 27713 1
32 27714 1
1962 25202 1
1236 20465 1
2335 25611 1
20465 26069 1
1835 26061 1
7 1935 1
20436 25766 1
23192 27720 1
2670 27672 1
7 2670 1
1232 2304 1
20 26129 1
1250 26103 1
1236 26075 1
9 27720 1
20436 27720 1
39 1230 1
1962 27720 1
20466 26065 1
26074 26251 1
20466 25608 1
9 27716 1
1941 20466 1
2417 21722 1
1232 1236 1
22 25 1
1774 2304 1
2417 26049 1
27680 27682 1
1246 20436 1
26065 26251 1
25881 26102 1
20437 24786 1
27662 27664 1
1774 26060 1
46 25611 1
7 27701 1
1243 1962 1
20466 26120 1
22 26065 1
1241 26060 1
69 2366 1
21722 27707 1
1235 26074 1
9 1937 1
1962 2390 1
25205 25766 1
20466 26251 1
1937 26074 1
1246 1835 1
2335 27716 1
1988 26104 1
1233 2360 1
1235 20433 1
1769 1835 1
234 2417 1
2366 25913 1
1231 20437 1
25611 26076 1
27124 27668 1
7 26066 1
7 1232 1
1250 1835 1
26062 26073 1
53 26129 1
1988 27711 1
1709 26123 1
22 26049 1
26078 27720 1
25608 26078 1
1238 20433 1
60 2334 1
1233 26049 1
20436 24643 1
7 23231 1
39 2354 1
1230 27713 1
27716 27720 1
1244 2360 1
46 1941 1
26120 26129 1
2354 2366 1
53 27668 1
20 2304 1
46 27724 1
9 1002 1
9 26066 1
25713 26102 1
9 25916 1
1935 2360 1
4039 20465 1
2366 25916 1
9 2403 1
24786 25881 1
1247 26049 1
1242 1962 1
27125 27668 1
25637 26049 1
26129 27124 1
1242 20465 1
9 2331 1
27707 27731 1
20465 26061 1
1236 27713 1
46 1233 1
39 4039 1
1230 26074 1
9 27707 1
1239 20465 1
20465 25202 1
900 1774 1
1234 2335 1
25611 26092 1
1230 20436 1
234 1988 1
2027 23230 1
2337 27712 1
26076 27699 1
27711 27731 1
23230 27680 1
