7 20437 59
2360 19091 44
2335 20437 32
2360 20466 31
1988 20433 31
1988 24643 28
1962 20433 24
20437 24643 20
20436 20466 20
36 2335 19
20433 26060 17
2335 26103 17
20466 24643 16
2335 24643 16
7 20436 15
1988 20466 15
24643 26103 15
20436 24643 15
1962 20437 14
7 1988 13
2335 20436 13
2360 24643 13
20466 26060 12
18 26103 12
19091 20466 11
2366 2417 11
20433 24643 10
20437 20466 10
1835 2335 10
1988 2335 10
19091 24643 10
20465 24643 9
2366 24643 9
2304 20437 9
19091 20437 9
7 24643 9
1962 20436 9
2366 20465 9
1835 26103 8
18 2335 8
2366 20436 8
2304 20466 8
2360 20437 8
20437 26103 8
7 2366 8
2366 20437 8
20466 26103 8
20433 26103 8
2366 26103 7
20436 26078 7
2335 2360 7
20433 20466 7
1230 20465 6
7 20465 6
26060 26103 6
1988 19091 6
24643 26060 6
1988 24786 6
20437 26078 6
7 2335 6
1962 24643 5
1962 1988 5
2335 20465 5
24786 25916 5
2360 20436 5
25 2360 5
1988 2366 5
7 2417 5
20465 26251 4
19091 20433 4
2360 20433 4
1988 20436 4
20465 20466 4
2335 2366 4
9 2335 4
1962 26251 4
1988 20465 4
2304 2360 4
19091 20465 4
1962 20465 4
18 1988 4
39 20433 4
20466 26078 4
20437 20465 4
25 20433 3
1988 25916 3
18 24643 3
18 1835 3
1835 20437 3
1835 20465 3
1988 2417 3
19091 20436 3
2304 20433 3
1230 20437 3
1835 20436 3
1962 20466 3
2335 24786 3
39 1988 3
1230 1988 3
2335 26060 3
20437 25916 3
2335 2417 3
20436 20437 3
9 20436 3
20436 24786 3
36 1988 3
1232 20437 2
1835 2366 2
20436 20465 2
1835 19091 2
1236 20436 2
20437 25547 2
26120 26251 2
20436 25547 2
1835 1988 2
2304 20465 2
1774 20465 2
1230 20433 2
20437 24786 2
2304 24786 2
1835 20466 2
1230 26103 2
20436 26120 2
7 9 2
2335 20466 2
18 24786 2
39 20465 2
20436 26251 2
1231 20436 2
25 19091 2
20437 26251 2
7 26103 2
20433 20436 2
18 26060 2
2304 2335 2
2417 20466 2
1988 2304 2
1230 2360 2
2335 23192 2
39 24643 2
1835 24643 2
2417 26060 2
7 20433 2
1988 20437 1
1230 20466 1
34 2366 1
9 24643 1
7 2360 1
1835 2360 1
2366 25916 1
2417 20433 1
2417 20436 1
24643 26078 1
7 2304 1
35 20437 1
20433 20437 1
1236 26078 1
25 2417 1
25 34 1
20466 25547 1
23189 24786 1
35 27600 1
2304 24643 1
1962 19091 1
2366 19091 1
1236 24643 1
25916 26060 1
1962 24786 1
19091 26078 1
18 1230 1
20437 26060 1
2360 24786 1
39 1962 1
32 19091 1
18 20433 1
20437 23189 1
7 26078 1
25 32 1
2335 19091 1
24643 25547 1
1988 25547 1
20466 26251 1
2360 2366 1
20433 25916 1
2417 24643 1
1230 24643 1
25 24643 1
483 20433 1
34 20437 1
1962 2360 1
34 1835 1
2417 26103 1
2335 27554 1
7 19091 1
2335 25547 1
24786 26078 1
7 27600 1
1988 26251 1
19091 26103 1
26103 27554 1
2366 24786 1
1230 2335 1
483 1988 1
