2360 19091 22
1988 20433 14
2360 20466 10
2360 25547 8
20465 21722 6
39 20465 5
20437 26060 4
39 20436 4
20436 20465 3
2335 2360 3
21722 25547 3
1988 25547 3
20433 21722 2
2335 25547 2
25547 26060 2
2335 20437 2
19091 20466 2
20437 25611 2
20466 25547 2
19091 20433 2
1988 19091 2
2335 19091 2
23192 26060 1
20436 26252 1
2335 25611 1
23189 26060 1
20436 21722 1
2366 20437 1
2360 2366 1
19091 21722 1
20465 23189 1
20437 23192 1
20433 20465 1
20433 25547 1
20433 20436 1
20436 25611 1
20465 25547 1
2335 20436 1
2335 20433 1
39 21722 1
20465 26252 1
1988 2360 1
