36 2335 2578
20465 25547 917
20465 24643 818
25547 26060 804
2360 19091 767
1988 25547 741
1962 25547 690
24643 26060 658
19091 25547 612
39 25547 600
25547 26102 575
2335 20433 557
2335 25547 555
2335 24643 549
2304 2335 548
39 2335 548
7 1962 498
1988 24643 493
39 20465 492
2335 20465 489
1962 24643 471
39 24643 451
19091 26060 451
7 20466 429
20466 24643 423
1962 2335 414
7 20465 409
19091 24643 403
7 25547 391
19091 20465 391
1835 1988 385
20466 25547 383
1835 26060 380
1988 19091 377
2335 26060 373
39 20466 351
7 2335 343
1835 2360 328
1962 20466 324
20465 20466 317
2304 25547 307
39 1962 300
2304 24643 298
1988 2335 297
2335 2360 296
39 26060 293
1835 19091 282
2335 25612 280
7 24643 280
39 1988 258
7 23230 252
7 26102 248
2335 19091 244
20465 23230 244
1962 19091 240
2335 20466 238
9 20465 234
20433 25547 228
9 39 218
39 26102 208
25 1962 204
9 20466 202
9 26060 202
7 26060 197
39 2304 196
1835 2335 194
9 1962 193
18 1962 192
9 25547 190
1962 2304 189
1962 23230 188
9 2335 185
20466 23230 184
2304 20465 183
20433 20436 182
7 19091 175
24643 26102 174
2335 2366 172
7 1988 170
2360 2366 169
1962 26060 167
7 1835 167
20465 26060 166
2360 25547 165
2335 20436 164
2304 26102 164
9 26102 159
23230 26062 157
39 19091 156
19091 20466 156
25 2335 154
7 2304 154
39 23230 152
2335 26102 150
7 26078 150
1988 20465 148
9 24643 148
2335 25641 142
39 1835 142
20465 26062 141
23230 25547 138
2334 2335 138
18 20466 135
32 2335 133
9 1988 125
2335 23230 124
7 2360 120
20433 20465 120
19091 26102 118
1835 2366 117
2360 20465 114
25 2304 114
20466 26102 112
25 24643 112
36 39 111
32 39 111
25 20465 109
39 2360 107
23230 26060 107
1835 2304 107
2304 26060 107
7 39 107
2335 2417 107
2304 19091 106
20433 24643 106
24643 25608 104
2360 23230 103
25547 26078 103
1962 26102 102
1962 1988 102
25 25547 102
19091 20433 101
2304 2366 101
2304 2360 97
20465 26102 95
7 2366 94
1962 20465 93
25547 26103 93
39 20433 91
9 2304 91
1988 2304 91
2360 24643 91
2304 2417 90
32 24643 90
25547 25608 90
28717 28719 89
18 20465 89
1962 26078 89
1962 20433 88
23230 24643 87
2335 25613 87
32 20466 86
2304 20433 84
7 20433 84
39 2366 84
32 20465 84
32 25547 83
9 23230 83
2304 23230 82
7 25 82
1988 26102 81
1232 25547 80
2335 25615 79
2335 25611 79
25 20466 78
1988 26060 78
32 1962 77
1238 25547 76
1988 2360 75
36 25547 73
24643 25612 73
2360 20437 73
1988 20433 73
20465 26103 72
2304 20466 72
2360 20436 72
32 2304 71
2366 25611 70
7 32 70
2335 28715 70
20465 25608 67
25 39 67
2360 20466 67
25547 26074 66
25202 25205 66
20466 26060 65
19091 23230 65
23230 26102 65
1962 2360 65
2360 26060 65
24643 26078 65
1988 20466 64
20433 26102 64
25 1988 63
2335 26065 62
1239 25547 62
2335 25614 62
1835 25547 62
39 4039 62
9 19091 62
32 26102 61
2335 23192 60
36 24643 60
18 25547 60
25202 25547 60
20465 25612 60
20465 26061 60
7 25716 59
2335 25205 59
7 25611 58
2366 20465 58
7 18 57
34 2335 57
2366 26060 57
1835 20465 56
18 24643 56
2366 25547 56
2366 25616 56
2335 20437 55
7 26062 55
18 39 55
1835 1962 54
25547 26062 53
2335 25717 53
2366 20437 53
2335 25202 52
39 25608 52
26060 26078 51
18 2335 51
23230 25640 51
25611 26060 51
2366 20466 51
39 28691 51
20433 20466 50
20465 26064 50
9 2366 50
18 26102 50
2304 25611 50
20433 23230 50
20465 26078 50
1988 23230 49
20466 25716 48
7 9 48
26066 26103 48
9 2360 48
1835 20466 48
25 26078 48
28718 28719 47
1835 23230 47
2335 23189 47
1835 24643 47
18 2360 47
24643 25611 46
7 26075 46
20437 25547 45
1988 26078 45
25 26060 45
1232 1988 44
20436 23230 44
2304 20436 44
2335 25637 44
2304 20437 43
7 25641 43
2335 26078 43
36 26060 43
25 19091 43
9 26074 43
2337 2360 43
25547 26129 43
1988 26066 43
2335 2414 42
32 19091 42
1233 25547 42
25916 26062 42
26078 26102 41
18 1988 41
9 1835 41
34 2417 41
25 2366 40
2360 25611 40
25547 26075 40
1238 26060 40
18 2304 40
20466 26078 40
1238 24643 40
7 36 39
2366 26066 39
25547 25716 39
39 20436 39
23189 23192 39
1962 25612 39
1238 1962 38
34 2304 38
9 20437 38
1236 24643 38
19091 26074 38
1962 26103 38
19091 26078 38
7 20436 38
1962 25611 38
23230 26065 38
20466 25611 37
20465 25202 37
25547 25641 37
25 23230 37
1988 2366 37
2366 23230 37
1230 20465 37
23189 24643 37
7 26074 37
9 20433 37
34 2414 37
2335 25608 37
20436 20465 37
1835 25611 36
26060 26102 36
2366 20436 36
28693 28696 36
1233 26060 36
1835 26074 36
1962 2366 36
7 28691 36
25614 25616 35
18 19091 35
9 26078 35
25547 28023 35
39 25202 34
2366 24643 34
1962 25716 34
32 25608 34
34 26060 34
39 25611 34
28716 28717 34
1230 25547 34
26062 26103 34
24643 25202 34
1962 25608 34
1970 24643 34
32 26074 34
20465 25611 34
2331 2335 33
20466 26074 33
2335 28665 33
39 26073 33
7 26065 33
32 26060 33
32 2360 33
1238 20465 33
18 26060 33
1835 20437 32
18 20433 32
39 2337 32
25 2360 32
2335 25616 32
1236 20465 32
34 1988 32
25611 25613 32
2335 28691 32
7 26066 31
1835 26066 31
1233 2335 31
1232 24643 31
25613 25614 31
25608 26060 31
25547 26092 31
25547 25612 31
25611 25614 31
7 28328 30
2417 25547 30
2335 26103 30
25611 25616 30
1230 24643 30
20436 25547 30
18 2366 30
1937 25547 30
1988 2417 29
1835 25612 29
20465 26076 29
2417 26060 29
1835 26102 29
1233 24643 29
28381 28382 29
7 25612 29
25613 25615 29
32 23230 29
20465 28691 29
2360 20433 28
1238 2335 28
20465 28023 28
2335 25716 28
20465 25614 28
7 25608 28
2335 28736 28
23189 25547 28
2360 25612 28
2304 25614 28
2304 2356 28
26112 26113 28
1962 26129 28
1962 26062 28
2335 26076 28
25 20437 28
26074 26076 27
2417 20465 27
7 26103 27
23189 26060 27
28716 28719 27
7 28334 27
53 20465 27
25547 25916 27
19091 25612 27
2366 25613 27
1988 26075 27
26060 26103 27
24643 25713 27
19091 26075 26
25611 25615 26
25547 25766 26
1236 26102 26
1239 20465 26
7 28341 26
20465 25713 26
1239 1962 26
2337 2366 26
1970 2335 26
39 23189 26
25614 25615 26
25547 25881 26
25 25608 26
1962 23189 26
7 28489 26
1988 25716 26
2414 24643 26
25 20433 26
25718 25720 26
1962 20437 26
2304 25612 26
2335 28692 26
1937 24643 26
23230 28334 26
39 25717 25
1835 28489 25
1988 26074 25
2335 2354 25
28495 28497 25
1234 26060 25
20465 26075 25
24643 25547 25
2417 28714 25
20433 26060 25
1988 2337 25
2335 2337 25
2335 4039 25
25547 26123 25
28693 28695 25
2360 25717 25
39 2414 25
39 25612 25
34 25547 25
26073 26075 25
2366 19091 25
1835 20433 24
1835 1937 24
2366 25717 24
18 23230 24
2360 25641 24
1988 25608 24
24643 26103 24
25608 25611 24
39 25640 24
25 25612 24
39 25613 24
26110 26112 24
24643 26074 24
34 20465 23
60 23230 23
1988 2414 23
2304 25205 23
7 28335 23
36 20433 23
2335 2356 23
2335 27668 23
24643 28691 23
19091 28494 23
7 1937 23
28717 28718 22
1230 1962 22
9 28715 22
2366 26102 22
20436 26060 22
26060 26069 22
2366 2390 22
60 25547 22
20466 25608 22
1937 26102 22
1236 2335 22
34 24643 22
1962 26075 21
1962 20436 21
2304 26076 21
4039 26060 21
2360 2417 21
26060 26104 21
2414 25547 21
2335 25766 21
2304 25717 21
2337 20465 21
1232 20433 21
28330 28341 21
1230 26060 21
1835 25717 21
20465 23189 21
39 1238 21
39 2417 21
36 1988 21
25547 26073 20
2366 28645 20
2335 25713 20
2304 26066 20
1962 25640 20
19091 26062 20
24643 26075 20
1970 1988 20
39 26075 20
60 2335 20
26060 26129 20
1970 20465 20
1962 25616 20
2366 2417 20
20466 26103 20
1232 20466 20
2360 26066 20
19091 28691 20
7 25717 20
2366 25608 20
25716 26078 20
25202 25766 19
2360 27668 19
1233 20465 19
46 1962 19
1235 25547 19
19091 26103 19
25547 26065 19
1232 1962 19
2335 25913 19
7 2417 19
2414 20465 19
1988 20437 19
20466 26076 19
2366 25615 19
1962 28497 19
19091 25608 19
2304 23189 18
25 1835 18
1232 26102 18
2360 26102 18
2335 25881 18
25547 25717 18
39 26062 18
1236 1988 18
1937 2335 18
25547 27607 18
25766 26060 18
24786 25769 18
39 26074 18
9 25 18
7 26069 18
28495 28512 18
9 18 18
1962 26076 18
39 26066 18
25547 25913 18
32 53 18
39 53 18
1232 2335 18
2304 25616 18
7 2414 18
2304 2414 18
2335 26129 18
39 20437 18
2304 25716 18
24643 26066 18
36 26120 18
1230 20466 17
2360 28715 17
9 25640 17
2304 28691 17
20465 28334 17
2366 25640 17
25615 25616 17
39 26078 17
39 1232 17
20466 25612 17
2335 26074 17
21722 25547 17
24643 26251 17
20433 26074 17
20465 26074 17
25613 25616 17
36 19091 17
23230 25202 17
25 25611 17
25881 26102 17
28694 28695 17
60 24643 17
2304 25640 17
2335 28695 17
9 20436 17
7 25637 17
2335 28645 17
2331 2417 17
25612 25614 17
25916 26060 17
1232 20465 17
1228 24643 17
9 28714 17
25547 26067 17
28691 28696 17
1238 20466 17
1231 24643 16
25611 27668 16
2360 25613 16
1962 2417 16
1232 2304 16
1962 28691 16
19091 26066 16
26067 26103 16
1937 1962 16
1962 26074 16
1835 20436 16
2417 26102 16
34 39 16
1962 2337 16
2304 25637 16
1835 28494 16
1970 25547 16
2417 24643 16
1239 26060 16
2304 26129 16
25547 26076 16
1233 1962 16
9 27694 16
2366 20433 16
1988 26103 16
1835 28496 16
4039 25547 16
20465 25637 16
1236 25547 16
9 26066 16
7 25614 16
9 26076 16
25547 25637 16
1233 20466 16
1988 26076 16
46 20433 15
2335 28696 15
2335 25884 15
1937 20465 15
34 1962 15
2304 25202 15
20436 20466 15
2360 25616 15
1835 26075 15
32 2366 15
20433 20437 15
28497 28501 15
28357 28381 15
20465 25616 15
2304 23192 15
2366 25716 15
32 1988 15
20437 20465 15
32 20433 15
24643 28337 15
1962 26073 15
25716 25717 15
2335 2390 15
24643 26120 15
2366 25612 15
25 32 15
1461 2335 15
25720 25721 15
9 25612 15
20436 20437 15
26062 26063 15
25611 25612 15
1988 25202 15
20465 25717 15
25881 26060 15
2329 2335 15
32 28495 15
28695 28696 15
32 25612 15
1228 25547 14
26060 28490 14
20466 24786 14
1233 1238 14
1988 25612 14
2335 28693 14
19091 20437 14
7 20437 14
2337 24643 14
26073 26102 14
7 2337 14
2360 26078 14
2335 25640 14
1835 2417 14
9 26073 14
1235 26102 14
1988 23189 14
1970 2304 14
18 25608 14
19091 26069 14
1937 2366 14
18 26103 14
1239 20466 14
25717 28494 14
2360 25614 14
9 25716 14
7 34 14
1988 26113 14
20465 26073 14
24643 28715 14
2335 27607 14
1231 25547 14
2335 26066 14
2360 25615 14
19091 25916 14
1962 1970 14
39 2034 14
25547 26069 14
39 1937 14
2366 25614 14
1234 20466 14
2366 26078 14
7 25202 14
36 28250 14
39 1461 13
7 28337 13
1835 28495 13
25547 26251 13
7 26076 13
26069 26075 13
25608 26078 13
1988 25881 13
25612 25615 13
39 46 13
25202 26060 13
25608 25612 13
9 25616 13
1988 2390 13
20466 26251 13
28481 28490 13
7 60 13
7 1236 13
24643 25916 13
2417 20466 13
1233 1988 13
2335 24786 13
28335 28343 13
34 20466 13
39 25614 13
1988 28341 13
25 26074 13
26074 26075 13
60 26060 13
1988 26129 13
1235 2335 13
20433 26103 13
20465 26104 13
2335 25916 13
20466 25637 13
36 20465 13
2366 28494 13
24643 25766 13
39 1233 13
39 25716 13
19091 28335 13
20465 26129 13
2304 26078 13
7 46 13
39 1236 13
1230 1988 12
1236 20466 12
2304 26065 12
1937 20466 12
25766 25881 12
39 28337 12
1233 2304 12
4039 20465 12
1835 2390 12
53 25547 12
20465 24786 12
1230 2335 12
1236 26060 12
24643 26076 12
1962 25916 12
23230 26063 12
19091 26073 12
18 21722 12
24643 25637 12
19091 25611 12
34 2360 12
1835 28497 12
2414 19091 12
2304 26075 12
46 23230 12
20465 25881 12
7 28503 12
2414 25611 12
24643 28732 12
20437 23230 12
9 25641 12
24643 25614 12
1230 1231 12
24643 25615 12
1962 25766 12
2304 28665 12
25 2337 12
53 1988 12
2360 28735 12
1962 25713 12
7 1238 12
20433 25881 12
2335 28496 12
2414 20466 12
2360 2414 12
39 60 12
24643 26067 12
26102 28339 12
39 1239 12
1835 28328 12
20465 26092 12
28496 28497 12
39 26076 12
25547 26064 11
20465 28337 11
1988 26073 11
60 20465 11
1970 20466 11
25547 25713 11
24643 28161 11
23230 25637 11
1962 25637 11
21722 25716 11
9 26075 11
1835 28335 11
1231 20465 11
1962 27607 11
25608 25614 11
19091 20436 11
2360 28696 11
2335 27714 11
23230 26103 11
1950 27124 11
39 28715 11
9 36 11
46 20465 11
24643 28736 11
2335 28718 11
20465 27607 11
19091 26076 11
39 1230 11
26076 26102 11
25 26102 11
7 26073 11
1232 26060 11
39 28688 11
9 1232 11
18 26075 11
26069 26074 11
7 28666 11
39 2390 11
2335 2387 11
36 2304 11
2304 2337 11
39 25916 11
2304 27800 11
9 25717 11
26060 26076 11
23189 25766 11
7 28645 11
23230 28496 11
1238 2304 11
39 26103 11
24643 25616 11
2414 2417 11
26111 26114 11
26060 26123 11
20466 25202 11
1962 25202 11
1988 26092 10
2304 26074 10
28691 28693 10
39 25641 10
25547 26066 10
24643 28692 10
28490 28495 10
24643 28495 10
7 1232 10
7 28696 10
25614 26060 10
1835 28324 10
28738 28739 10
26092 26123 10
1988 27124 10
7 26123 10
2360 28714 10
9 2417 10
7 1233 10
53 2335 10
1835 28719 10
1988 26069 10
26092 26252 10
1238 26102 10
28739 28740 10
25637 25766 10
1988 28696 10
25547 25640 10
7 1230 10
1236 1962 10
1962 25717 10
7 25640 10
26069 28107 10
2360 28691 10
2366 28692 10
1988 25766 10
24643 28328 10
2335 28023 10
2304 2390 10
1962 26069 10
32 26075 10
2335 26075 10
1988 25916 10
2335 26069 10
20465 26065 10
1232 1235 10
1239 1988 10
7 25615 10
24643 28023 10
20466 27668 10
28516 28517 10
2360 26074 10
2360 2582 10
2304 26252 10
39 25615 10
1988 25713 10
25611 25713 10
20466 28023 10
1962 4039 10
53 1962 10
2335 27841 10
7 28495 10
1835 28320 10
18 20436 10
7 1239 10
4039 20466 10
25547 25611 10
1962 2414 10
39 28692 10
53 19091 10
2337 25611 10
2390 25616 10
36 1962 10
25547 26061 10
1988 4039 10
34 23230 9
39 25713 9
20466 26075 9
1238 1988 9
26060 28496 9
4039 24643 9
2335 25721 9
25637 26060 9
36 1835 9
1235 26060 9
24786 26060 9
39 28645 9
23230 26076 9
28735 28738 9
46 2335 9
36 28251 9
2390 25614 9
1937 19091 9
26078 26129 9
60 1962 9
20465 25615 9
1002 25547 9
24643 25717 9
26074 26251 9
23189 25202 9
26069 28186 9
2366 25645 9
20466 26069 9
25 26129 9
9 1937 9
1238 20433 9
2335 28669 9
20466 25717 9
28320 28341 9
9 25713 9
20466 25614 9
32 25716 9
20465 28499 9
9 25202 9
34 2366 9
7 26067 9
7 28484 9
1970 19091 9
7 25613 9
2417 19091 9
25611 25637 9
25608 26102 9
20465 25716 9
19091 23189 9
1962 26067 9
25640 26060 9
23230 26078 9
25 20436 9
7 1234 9
24786 25547 9
27800 27841 9
1988 21722 9
26074 26103 9
39 28714 9
2387 24643 9
1235 1962 9
24643 26073 9
2304 28688 9
2335 8619 9
25612 25616 9
26110 26115 9
19091 25637 9
25612 26060 9
23230 28320 9
46 26102 9
25547 25926 9
1233 1235 9
1962 26092 9
26069 26123 9
1461 23230 9
25 1937 9
39 26123 9
1988 26104 9
25547 28116 9
20465 25766 9
9 32 9
1236 1239 9
26102 28341 9
1461 24643 9
19091 28320 9
1239 2335 9
20437 26103 9
2335 28666 9
1988 28691 9
39 26092 9
1239 25202 9
60 19091 9
1236 1238 9
2390 25611 9
25716 25718 8
2304 25615 8
18 26066 8
1234 25547 8
25547 27668 8
1461 20465 8
25716 26060 8
1835 26068 8
2366 25637 8
25547 28334 8
39 26065 8
25717 26060 8
2335 28702 8
20433 25766 8
39 27668 8
25716 25720 8
1231 2335 8
2390 28735 8
46 26060 8
20465 26069 8
20437 26076 8
1235 20465 8
1988 25611 8
26103 26129 8
1970 20433 8
24786 25611 8
26074 26078 8
24643 26129 8
25640 25641 8
2390 26060 8
28330 28345 8
7 26104 8
1230 2304 8
28334 28343 8
28365 28370 8
39 25616 8
39 28736 8
20465 28693 8
2304 28692 8
36 2360 8
9 2337 8
7 28494 8
1835 26087 8
28481 28496 8
2337 2417 8
20465 25916 8
7 28322 8
2304 26064 8
7 1231 8
1002 24643 8
1233 1236 8
36 23230 8
25612 25613 8
60 1988 8
25547 28691 8
18 1835 8
23230 28736 8
2304 25766 8
28322 28335 8
25612 26129 8
1937 1988 8
19091 25716 8
7 1970 8
26074 28180 8
9 34 8
28494 28496 8
7 1461 8
20466 27607 8
18 25 8
2304 26068 8
2403 20465 8
2360 25716 8
1988 25616 8
2304 25713 8
25608 25613 8
25637 25881 8
2390 8619 8
36 2414 8
26062 26078 8
7 28692 8
24643 26069 8
9 25608 8
32 25713 8
9 23189 8
39 28497 8
2360 26065 8
20433 25608 8
2330 2335 8
1970 26060 8
1232 1239 8
2354 20465 8
7 28519 8
24643 26062 8
1935 25547 8
24643 25613 8
28484 28485 8
28691 28694 8
7 28714 8
7 25616 8
19091 25641 8
25719 25720 8
2304 28719 8
26102 28023 8
39 26120 8
2337 20466 8
39 26069 8
26123 28314 8
2337 26060 8
19091 28495 8
1238 26078 8
25547 28702 8
20465 28725 8
9 28691 8
7 28490 7
1231 1962 7
25640 25642 7
2360 28695 7
26074 26252 7
20433 26078 7
20466 25641 7
1962 2331 7
28501 28503 7
32 2337 7
1962 28337 7
26060 26075 7
25719 25721 7
2335 25769 7
1235 1238 7
2304 27607 7
28357 28382 7
28497 28512 7
1962 24786 7
28023 28068 7
24643 27607 7
39 1970 7
23192 25205 7
1962 28494 7
1232 2414 7
7 25881 7
32 1232 7
4039 23230 7
25547 28495 7
1461 19091 7
1835 2337 7
7 53 7
7 2387 7
20465 27668 7
1835 25202 7
24643 28714 7
26120 26252 7
20433 25202 7
20436 24643 7
1988 26068 7
19091 28732 7
20466 25881 7
24643 24786 7
26078 26104 7
28692 28696 7
1231 2414 7
20436 26102 7
25713 26060 7
1988 28116 7
1835 25608 7
23230 28341 7
2335 23231 7
1988 25717 7
25202 25881 7
2335 28688 7
1988 2387 7
2304 25613 7
32 28339 7
1962 26251 7
7 28161 7
2366 28691 7
25547 25613 7
25 1236 7
18 23189 7
20466 25766 7
1236 2304 7
1988 20436 7
2304 2331 7
20433 26067 7
19091 25713 7
36 1461 7
23230 25881 7
32 25611 7
2552 28691 7
24786 26102 7
25202 26102 7
25718 25719 7
2366 25713 7
20465 28161 7
1233 25608 7
39 28345 7
20437 26060 7
1835 28337 7
25547 26120 7
2366 28735 7
25716 25721 7
26062 26067 7
26060 26092 7
2366 2414 7
25608 25616 7
19091 25717 7
26102 28330 7
7 28345 7
1962 28696 7
2366 25642 7
25716 26073 7
1970 26075 7
2360 25608 7
26060 26073 7
20465 25613 7
39 27607 7
1230 1239 7
25547 28497 7
23230 25612 7
39 26068 7
20433 28068 7
20466 26073 7
23230 25717 7
1236 2360 7
25 25614 7
60 20466 7
24643 26063 7
1988 25640 7
1231 20466 7
26074 26102 7
18 32 7
2360 28666 7
39 2387 7
1962 28328 7
32 20436 7
20433 25611 7
20433 21722 6
7 28499 6
25 27607 6
25 26076 6
9 28736 6
32 1236 6
2337 28691 6
7 25913 6
28497 28503 6
19091 26092 6
9 21722 6
9 28334 6
1988 28512 6
7 28497 6
24643 28696 6
53 26060 6
9 26252 6
1238 26074 6
1236 25608 6
1230 1236 6
1235 23230 6
2360 2390 6
28494 28497 6
34 25716 6
7 27607 6
1461 2304 6
1 1962 6
2414 25717 6
32 1937 6
20466 23189 6
24643 25881 6
2414 25612 6
26129 28116 6
25 28666 6
1461 2360 6
19091 25613 6
18 26074 6
25 26062 6
32 28691 6
2335 26104 6
28365 28369 6
1988 28023 6
9 25611 6
25547 28662 6
19091 28023 6
2304 28494 6
26075 27124 6
25547 27124 6
7 25713 6
1239 2304 6
1231 1236 6
26060 26120 6
1461 28732 6
2304 28694 6
26073 26074 6
2360 26068 6
2387 19091 6
1962 25615 6
1970 25608 6
2329 28641 6
26251 28314 6
28735 28745 6
39 26252 6
20466 26062 6
39 26129 6
25547 26252 6
2304 26092 6
20433 28666 6
2366 28721 6
1233 20433 6
39 28702 6
2335 21722 6
19091 26061 6
25 28688 6
1988 28497 6
1835 26078 6
32 25717 6
2304 26073 6
2417 26075 6
39 25881 6
25547 28068 6
39 28495 6
19091 26129 6
1835 26103 6
60 1835 6
9 26129 6
2366 26068 6
25717 25719 6
2304 4039 6
1970 25612 6
26060 28023 6
39 25766 6
1235 1988 6
1239 20433 6
26120 26123 6
23230 25608 6
26110 26113 6
2390 28662 6
1988 28692 6
19091 26120 6
25202 25611 6
39 24786 6
19091 26063 6
24643 28688 6
7 26129 6
28481 28497 6
28486 28497 6
20465 28696 6
2304 2361 6
1235 24643 6
26111 26112 6
20465 26066 6
1835 25640 6
1835 26076 6
7 2354 6
60 26073 6
26078 28666 6
2304 25720 6
23189 25608 6
2356 26060 6
1962 28353 6
19091 26067 6
1232 1238 6
1937 2360 6
2335 28714 6
1835 26252 6
20465 26123 6
23230 25611 6
2360 26069 6
20465 25640 6
1835 27668 6
1962 28335 6
20466 28645 6
2335 28735 6
26111 26113 6
1835 28691 6
19091 26068 6
7 26064 6
2335 28697 6
39 28320 6
26078 28320 6
9 26092 6
25721 27668 6
1988 27841 6
2366 26065 6
23192 25881 6
2304 28495 6
2414 25613 6
2360 23189 6
1962 28320 6
23230 25716 6
7 25916 6
1461 25547 6
28334 28336 6
26060 28161 6
1962 28702 6
1962 27668 5
25612 26103 5
26073 26113 5
1835 25614 5
20465 27124 5
28503 28504 5
25 26251 5
2337 25608 5
28735 28739 5
2304 28337 5
1950 25608 5
25547 26104 5
18 28691 5
25608 25881 5
32 1835 5
2334 28717 5
2337 26102 5
23189 25713 5
2304 25881 5
20465 28495 5
2390 25608 5
1835 26069 5
25713 26102 5
1962 26123 5
2304 2329 5
1230 1233 5
19091 28497 5
20433 26123 5
2360 28692 5
25718 25721 5
2366 28739 5
20433 25637 5
1988 28737 5
2304 28696 5
26060 28337 5
2417 23230 5
1835 26104 5
28735 28737 5
2360 28693 5
1234 24643 5
20433 26075 5
53 60 5
25615 26060 5
26113 26115 5
60 26074 5
23189 25612 5
32 27668 5
19091 28715 5
20436 23189 5
2304 25916 5
26060 28495 5
28496 28519 5
1962 25913 5
1230 1238 5
1230 23189 5
20465 26120 5
28693 28694 5
39 1228 5
28320 28358 5
1937 28691 5
26075 26076 5
1937 28693 5
19091 28696 5
1230 26078 5
25547 28346 5
1232 23189 5
39 28023 5
26060 27607 5
2366 20438 5
2304 26104 5
2360 4039 5
1835 25615 5
9 1461 5
1233 26102 5
28496 28568 5
1962 26066 5
34 1835 5
1835 25716 5
1232 26103 5
25616 26060 5
2304 25608 5
1988 25614 5
26092 28107 5
1835 27607 5
25205 25766 5
2304 28735 5
23230 26074 5
1230 26074 5
25 1238 5
36 20436 5
2304 26103 5
28330 28411 5
25 26104 5
2414 25608 5
2335 28644 5
23230 25205 5
26060 27712 5
26060 28345 5
20465 28339 5
2337 25547 5
1238 23230 5
1239 26074 5
2304 28641 5
24643 25913 5
9 26123 5
26102 26123 5
2304 28018 5
2390 25916 5
25717 26102 5
1238 26075 5
1962 25644 5
881 1774 5
4039 25612 5
23189 26102 5
2360 28641 5
39 1231 5
1232 1233 5
18 1236 5
7 1228 5
26069 26120 5
24643 28702 5
21722 26102 5
1234 20433 5
20465 25205 5
1234 1239 5
25713 25766 5
1238 1239 5
53 24643 5
1835 26251 5
32 23189 5
1232 1835 5
24643 28695 5
2360 28736 5
26060 28497 5
1230 20433 5
25 28691 5
1461 1988 5
1461 28251 5
21722 28337 5
20465 25641 5
1937 26078 5
7 26120 5
23231 25547 5
1962 25614 5
26110 26114 5
20466 25613 5
2360 28700 5
9 1233 5
1988 25637 5
25608 28161 5
24786 25713 5
2335 28732 5
28732 28736 5
1988 28328 5
1231 26102 5
2331 26060 5
28516 28565 5
2304 28497 5
7 28496 5
19091 26251 5
25 28161 5
2304 28695 5
23230 28715 5
24643 26123 5
39 28693 5
53 26074 5
7 25766 5
1937 20433 5
1962 28495 5
28716 28718 5
1962 26061 5
2366 25721 5
34 26102 5
26069 27607 5
2390 25202 5
25 1233 5
19091 28161 5
18 28698 5
25 1235 5
2304 25721 5
25720 27668 5
24643 25716 5
1835 23192 5
9 2414 5
1935 20466 5
36 26074 5
18 28692 5
1835 25641 5
2390 20466 5
2337 25616 5
1231 1988 5
46 2360 5
26102 28721 5
24786 25766 5
26060 28116 5
2304 25641 5
1835 26064 5
2304 26120 5
20466 25713 4
25202 28714 4
25717 28497 4
9 25614 4
7 23189 4
2304 27668 4
1937 2304 4
25713 27668 4
28337 28346 4
25 25615 4
23230 28499 4
2366 27668 4
20466 26061 4
26075 26123 4
2360 25720 4
20466 26114 4
2335 2551 4
34 26076 4
19091 25616 4
1231 20433 4
2337 23230 4
20437 26102 4
2414 25716 4
1950 1962 4
1230 1235 4
2414 25614 4
26074 26120 4
7 26252 4
1962 27124 4
25611 25766 4
2334 25202 4
28490 28516 4
25 25640 4
19091 28481 4
1250 25547 4
1835 25713 4
1962 27841 4
25881 25884 4
19091 26064 4
2331 2387 4
28519 28520 4
9 1230 4
36 26078 4
26060 28696 4
26069 26252 4
20433 26062 4
2387 28736 4
25 2403 4
23192 24786 4
7 26061 4
1988 28161 4
1988 26062 4
28320 28411 4
1970 2289 4
20443 26060 4
7 881 4
20465 26252 4
4039 26102 4
20433 25716 4
1988 28694 4
1461 26078 4
25 46 4
20465 28695 4
19091 28736 4
27707 27711 4
2304 28161 4
1002 20465 4
2331 2360 4
32 25720 4
1236 25716 4
39 26064 4
25202 26066 4
26060 28334 4
1236 2366 4
25547 28341 4
46 2304 4
9 1236 4
1962 2356 4
1937 2289 4
2304 21722 4
9 1238 4
20465 25913 4
36 26103 4
25608 25615 4
26069 26102 4
2334 2552 4
1238 26103 4
28692 28693 4
25716 27668 4
7 2331 4
20433 25713 4
20437 26067 4
1835 2414 4
2335 2552 4
2356 2390 4
2304 28645 4
2354 20466 4
23230 28335 4
20436 25611 4
26060 26111 4
1962 28698 4
2304 24786 4
1231 1232 4
7 1235 4
7 2365 4
1962 28714 4
28334 28335 4
1962 28715 4
25 1231 4
26062 27607 4
32 26076 4
53 1835 4
19091 28013 4
32 60 4
1235 1236 4
2387 2390 4
46 24643 4
27714 27716 4
25713 28494 4
20465 28620 4
1234 2335 4
2417 28721 4
25 27800 4
2390 19091 4
2329 2354 4
32 25641 4
20433 26073 4
26252 27607 4
39 26104 4
1247 2335 4
53 26078 4
23230 26252 4
25 26075 4
1250 2335 4
20465 28719 4
1988 28499 4
1988 28490 4
34 2337 4
1461 28691 4
28737 28740 4
39 2356 4
2366 27841 4
9 25766 4
46 1988 4
1835 28314 4
2329 2337 4
2417 25717 4
1988 28068 4
1962 28345 4
36 28691 4
2387 25613 4
1988 28489 4
26073 26076 4
1232 1236 4
26063 26065 4
20465 28341 4
9 26111 4
25713 25720 4
1238 1835 4
1835 28023 4
1935 24643 4
23189 25637 4
34 1233 4
23230 28718 4
1230 1232 4
1950 25547 4
2304 28718 4
21722 25612 4
25641 26060 4
20465 25662 4
1835 25616 4
39 2354 4
1835 25881 4
1988 28503 4
18 1937 4
20466 21722 4
1230 1234 4
9 26068 4
28320 28393 4
26075 26102 4
25547 25614 4
23192 25766 4
25 28715 4
19091 25614 4
28737 28739 4
20436 26103 4
28644 28647 4
1232 21722 4
1230 25202 4
7 28031 4
2366 28696 4
26074 26109 4
2360 28645 4
2304 28328 4
1239 28691 4
20466 25926 4
26062 26102 4
20436 26074 4
2337 25614 4
1246 20466 4
2552 28719 4
25547 28486 4
4039 19091 4
2335 28668 4
23230 27607 4
25547 28335 4
1835 26111 4
2417 28645 4
26069 28494 4
25547 28490 4
19091 28688 4
20466 25205 4
25 1239 4
19091 25615 4
32 1233 4
20436 25202 4
28691 28695 4
25637 26102 4
24643 28499 4
20466 25916 4
25637 25656 4
18 25717 4
2360 28644 4
1231 1238 4
39 1002 4
1233 26123 4
2360 20438 4
21722 25611 4
1970 25611 4
24643 26252 4
36 25612 4
1774 2034 4
26078 28499 4
32 26078 4
1988 25205 4
2337 2414 4
1250 20465 4
26060 26071 4
2360 27841 4
19091 28641 4
26103 28503 4
7 28662 4
2365 26060 4
25 26103 4
23230 28490 4
23189 25881 4
46 19091 4
1232 25608 4
32 28320 4
25547 28692 4
2335 27694 4
34 25608 4
1962 25881 4
28357 28358 4
24786 25202 4
25613 26060 4
1241 24643 4
9 26069 4
25 34 4
1950 20465 4
28068 28258 4
1988 28337 4
1962 21722 4
2335 26123 4
1236 25612 4
23230 25713 4
2335 28266 4
2360 28732 4
9 1239 4
36 26062 4
39 25637 4
25 36 4
1234 2304 4
28336 28411 4
2360 28665 4
7 25718 4
20466 25616 4
2335 28606 4
20433 23189 4
1231 1233 4
19091 27668 4
1962 28486 4
9 1970 4
20466 26123 3
25612 27668 3
1236 28494 3
7 28533 3
20466 28334 3
46 21722 3
39 28336 3
9 53 3
26067 26102 3
1962 28341 3
1988 27800 3
2335 28670 3
23230 26073 3
1231 25614 3
20466 25640 3
234 24643 3
2329 2356 3
1835 28484 3
26069 28156 3
1962 26104 3
2304 27714 3
28381 28385 3
28492 28543 3
25608 28335 3
19091 25913 3
25 28023 3
39 28330 3
26067 26068 3
26075 27668 3
2329 2390 3
1236 1835 3
25 25202 3
34 1232 3
18 28337 3
2354 28691 3
26110 28454 3
20465 28702 3
1232 2417 3
20466 25913 3
1937 26060 3
25202 25913 3
2304 26062 3
2360 25645 3
2417 25611 3
2304 28702 3
39 1235 3
26123 28161 3
1233 25612 3
39 26251 3
23189 26075 3
1937 21722 3
26067 26071 3
1239 24643 3
2304 27841 3
26076 26123 3
34 1239 3
20466 28337 3
2335 28647 3
1238 25202 3
28688 28693 3
7 28504 3
25913 25916 3
46 2337 3
24643 26092 3
1232 23230 3
21722 24643 3
28023 28071 3
23230 26064 3
36 28496 3
20466 26087 3
26066 26074 3
20465 26067 3
2335 2403 3
2366 2387 3
1988 26112 3
1988 26109 3
23230 26075 3
39 2289 3
26112 26115 3
1236 28116 3
2335 28334 3
1835 28322 3
2337 28715 3
881 20433 3
19091 26252 3
25547 27716 3
9 881 3
25 2417 3
25 25881 3
36 2417 3
1962 26120 3
24786 25205 3
26060 28499 3
2366 26074 3
1988 28715 3
7 28693 3
9 28732 3
1835 28501 3
2414 23189 3
19091 28662 3
2356 20436 3
1937 23230 3
2417 26120 3
7 2403 3
36 28641 3
2361 19091 3
53 26075 3
28322 28326 3
25 28620 3
7 28033 3
34 19091 3
25616 27668 3
28358 28381 3
20438 20440 3
2334 20465 3
2335 28662 3
26092 26251 3
28335 28344 3
20436 26076 3
25205 25881 3
18 26076 3
46 20466 3
2335 25642 3
27707 27720 3
23230 27694 3
900 2335 3
1988 2331 3
28647 28649 3
2354 2361 3
2354 2390 3
20433 28339 3
25547 28696 3
18 2390 3
26102 28116 3
25 2387 3
20465 28330 3
24643 27668 3
25547 28494 3
25611 25662 3
7 28343 3
28161 28335 3
9 25916 3
25640 25643 3
28692 28695 3
26076 26115 3
20433 26076 3
25205 25611 3
1232 25611 3
9 27607 3
1461 2417 3
20436 25766 3
25611 26129 3
1988 28736 3
965 1962 3
20466 28497 3
1950 26060 3
20433 27841 3
1461 20466 3
9 1235 3
20465 25926 3
25608 27668 3
2417 25608 3
32 25881 3
26078 27668 3
39 26067 3
19091 28739 3
26075 26078 3
1250 26102 3
26252 28320 3
2331 25547 3
25 26123 3
39 2403 3
26060 28320 3
25611 26102 3
19091 28337 3
28694 28696 3
26252 28161 3
25205 25608 3
20466 26129 3
7 28501 3
9 27716 3
20465 28490 3
1970 25616 3
28023 28116 3
2335 28717 3
2403 20466 3
2304 2334 3
1970 21722 3
1937 28696 3
20433 25612 3
24786 25881 3
20437 20466 3
2403 25547 3
2331 20465 3
881 25202 3
7 28023 3
7 28250 3
2387 20465 3
1250 26060 3
4039 28715 3
25202 26078 3
1235 2304 3
25608 26075 3
26060 27124 3
20465 28662 3
1239 1835 3
26062 28023 3
60 1935 3
34 26074 3
1988 28495 3
2417 2582 3
32 46 3
28692 28694 3
1835 2356 3
20465 28551 3
2552 28695 3
19091 26123 3
1835 28341 3
26073 28497 3
9 2390 3
1002 26102 3
2390 20436 3
1232 2366 3
25611 26078 3
1239 26104 3
25205 26060 3
39 28696 3
1962 25720 3
25608 25766 3
8619 28691 3
23189 26129 3
2335 2404 3
881 2335 3
20466 28328 3
7 900 3
2334 20436 3
23189 23230 3
1988 28324 3
39 25662 3
1233 2360 3
28495 28496 3
1835 26120 3
2335 28646 3
2304 28189 3
2335 28494 3
2334 25547 3
26078 28324 3
26073 28337 3
2335 2513 3
2360 26103 3
26078 28328 3
25612 25713 3
32 1228 3
23230 26069 3
25202 26074 3
28320 28429 3
24643 28665 3
36 26102 3
1233 1234 3
1835 2329 3
9 28116 3
25608 26103 3
28250 28251 3
2417 28335 3
1835 28737 3
28668 28669 3
18 1238 3
9 25613 3
24643 27124 3
2304 2365 3
23230 28644 3
24643 28666 3
1950 21722 3
1774 2335 3
2335 28694 3
28666 28691 3
1937 25611 3
26102 26252 3
8619 28696 3
25916 26102 3
26062 26068 3
39 900 3
26075 26120 3
2366 26075 3
1988 28695 3
1988 26096 3
7 26071 3
2304 28116 3
2337 25717 3
32 1238 3
2304 28717 3
26102 28334 3
25547 26071 3
28490 28497 3
2034 25202 3
2403 25913 3
9 28068 3
39 26061 3
2289 27668 3
1236 28715 3
2304 2387 3
25547 28489 3
26060 26074 3
2366 28688 3
23230 28494 3
1988 2289 3
36 26075 3
2360 2387 3
25 25717 3
2335 28698 3
2390 28641 3
39 27711 3
1988 28520 3
25547 28499 3
9 4039 3
1238 28691 3
1970 25916 3
25611 26065 3
2356 24643 3
20433 24786 3
9 60 3
32 26073 3
25717 25718 3
25766 26102 3
26112 26114 3
2417 25202 3
24643 28320 3
28490 28519 3
32 2414 3
900 24643 3
46 26074 3
7 25720 3
23230 28161 3
23230 25615 3
23189 24786 3
7 28151 3
26102 28381 3
20433 25615 3
2356 23189 3
25612 25916 3
2365 23230 3
39 28499 3
36 20466 3
2366 28714 3
46 53 3
53 20433 3
1246 20433 3
2360 25202 3
2335 2423 3
1835 25766 3
1236 2414 3
26074 27607 3
9 46 3
2414 26060 3
2304 26251 3
32 28334 3
28641 28648 3
965 25881 3
2403 24643 3
34 28688 3
20466 26111 3
46 25612 3
39 28732 3
2304 28739 3
1231 25608 3
23192 25547 3
1244 25881 3
965 26060 3
39 1250 3
2034 24643 3
39 28068 3
23230 24786 3
1238 2366 3
26060 28335 3
2387 2414 3
1461 26060 3
23192 24643 3
18 1461 3
26092 26120 3
60 2304 3
1988 25615 3
26060 26252 3
23189 25611 3
9 28117 3
32 25615 3
1988 28740 3
1962 27800 3
1835 2334 3
25608 25717 3
39 2334 3
26120 26251 3
25547 26096 3
2335 26251 3
1988 28501 3
1835 24786 3
28714 28715 3
20433 27607 3
7 26114 3
26102 28691 3
1950 2034 3
28665 28669 3
1950 24643 3
26075 26092 3
34 2331 3
26060 28489 3
39 28503 3
2356 25608 3
1250 1988 3
1238 25608 3
25637 25640 3
7 28068 3
20465 21722 2
28691 28692 2
7 2248 2
28494 28586 2
28490 28491 2
28492 28495 2
1988 23192 2
20465 28116 2
2360 28023 2
20437 27607 2
2403 2404 2
20437 27841 2
1962 2078 2
25202 26120 2
19091 26065 2
2360 28648 2
1246 1962 2
1461 1962 2
2337 25641 2
2329 2361 2
24643 28735 2
1835 28715 2
60 28358 2
2321 19091 2
28490 28517 2
1233 20437 2
1231 26063 2
25717 26078 2
60 2360 2
35 26064 2
36 25608 2
26102 26113 2
20465 28710 2
26251 28023 2
46 1835 2
25547 28108 2
2360 25718 2
28341 28345 2
1237 26060 2
25611 25881 2
39 26071 2
1 25547 2
1228 20466 2
1238 19091 2
20436 20443 2
25928 26060 2
25637 25720 2
2304 27712 2
2337 2390 2
26092 28161 2
2304 28648 2
1002 2366 2
1228 25716 2
46 28341 2
1244 26060 2
20436 25713 2
19091 27800 2
1835 2078 2
34 36 2
26060 28586 2
1962 26252 2
25613 26120 2
2366 26073 2
20439 26060 2
1835 25720 2
25641 26102 2
18 2417 2
950 20465 2
2356 19091 2
53 27668 2
26069 28497 2
25547 26110 2
20433 28334 2
2390 2552 2
7 26109 2
965 25637 2
7 21722 2
26060 28169 2
9 28330 2
9 25926 2
39 28258 2
2360 26073 2
9 28695 2
1962 2321 2
28330 28337 2
26251 28116 2
24643 25640 2
2360 25589 2
20433 28337 2
2360 26120 2
1228 20465 2
26123 26252 2
7 25644 2
23230 27714 2
26074 26110 2
25547 28345 2
1234 1988 2
26129 26252 2
26069 28239 2
2337 19091 2
2360 26076 2
2304 27124 2
2335 28438 2
2304 28477 2
7 965 2
2366 28693 2
2304 25642 2
2387 25611 2
35 28314 2
23192 26060 2
46 26075 2
26060 28501 2
25 26120 2
25 28711 2
1935 28068 2
964 1988 2
26060 27734 2
23230 28337 2
2354 2366 2
23230 28519 2
2390 28644 2
26060 28332 2
60 2387 2
23230 25613 2
1231 25611 2
1231 19091 2
2335 26073 2
26251 28161 2
28320 28332 2
25642 25644 2
26060 28027 2
18 1232 2
1236 1970 2
234 2331 2
28490 28512 2
28320 28330 2
23230 28739 2
26078 28068 2
26069 28023 2
1228 2304 2
1988 28335 2
234 19091 2
23230 28503 2
2360 28737 2
24643 28693 2
9 28692 2
25 4039 2
34 25913 2
26062 26129 2
900 25547 2
1247 23230 2
1233 1835 2
26062 26073 2
603 24643 2
2331 24643 2
1236 2337 2
25608 26092 2
1002 19091 2
2332 28715 2
34 28714 2
24643 26110 2
2390 20465 2
26060 26110 2
2360 25766 2
32 26067 2
26076 26110 2
2331 20437 2
60 28495 2
46 28501 2
1232 26074 2
25766 26075 2
1461 2387 2
60 2366 2
28357 28385 2
7 26111 2
24643 28740 2
20436 23192 2
28495 28516 2
32 1461 2
1232 26092 2
20433 26092 2
1230 20437 2
234 2304 2
26064 26074 2
32 28494 2
32 25614 2
36 28345 2
36 28688 2
27711 27727 2
60 2552 2
2289 21722 2
25547 28358 2
1232 28335 2
26102 28736 2
25547 28645 2
1230 26102 2
23230 28492 2
25202 25713 2
1935 1950 2
20433 23192 2
25721 26078 2
23230 28216 2
26120 27607 2
28497 28509 2
2034 25713 2
1236 25202 2
28485 28489 2
28320 28337 2
20466 26252 2
23192 25202 2
26073 26078 2
23230 25616 2
1239 25611 2
2331 19091 2
24643 28694 2
19091 28612 2
39 28501 2
28322 28324 2
900 1228 2
34 28495 2
9 2331 2
39 28357 2
2335 28320 2
1950 2304 2
1962 2390 2
1835 28641 2
1962 28429 2
19091 28341 2
1988 26120 2
1935 28337 2
20465 28692 2
19091 28590 2
26078 28325 2
23230 28353 2
25608 26252 2
19091 25202 2
60 26069 2
2304 20438 2
24643 28335 2
1988 20438 2
1835 28343 2
26078 28332 2
18 26078 2
26123 28341 2
2334 2417 2
26067 26070 2
1835 25721 2
7 28483 2
2356 20466 2
2304 2552 2
25 23189 2
19091 28735 2
1250 1962 2
1962 25641 2
1835 27711 2
7 1250 2
1236 20433 2
1232 2360 2
18 26073 2
28482 28486 2
1835 28225 2
2417 26078 2
32 25637 2
1232 26067 2
1919 25547 2
2417 26074 2
2414 25916 2
18 34 2
26063 26067 2
2329 23192 2
53 28322 2
28491 28512 2
19091 27714 2
2335 28429 2
1231 1239 2
36 2387 2
20465 28454 2
24643 28721 2
26076 28068 2
34 28023 2
25547 28492 2
19091 25881 2
26129 28337 2
1988 28236 2
28691 28698 2
24643 28516 2
7 1919 2
26061 26066 2
20436 28617 2
28490 28504 2
7 28665 2
26064 26069 2
20437 26078 2
25547 28694 2
9 28161 2
1962 28083 2
26075 26104 2
24643 28490 2
1461 25615 2
25613 25916 2
25608 26073 2
32 25613 2
1246 25881 2
19091 28499 2
2414 20433 2
1239 25926 2
60 25612 2
1239 26076 2
28336 28358 2
9 28495 2
7 27668 2
25885 28641 2
20433 26251 2
34 28662 2
23230 25913 2
39 28116 2
20465 26251 2
25637 25641 2
26065 26071 2
25202 25608 2
46 2417 2
28481 28512 2
34 26075 2
2335 26252 2
26102 28714 2
18 36 2
4039 25613 2
9 26120 2
18 27714 2
20433 28328 2
23230 25614 2
2334 20433 2
23230 28484 2
26075 26086 2
39 2331 2
2304 26069 2
28711 28715 2
1230 26251 2
1228 28710 2
20433 25205 2
1988 26123 2
32 26103 2
34 28494 2
2304 28391 2
1937 26075 2
1244 2335 2
2329 20465 2
1230 27124 2
7 4039 2
7 25662 2
1835 28662 2
20466 26067 2
26060 26114 2
1236 23189 2
36 1970 2
2360 28688 2
2337 28714 2
2248 24643 2
26066 26075 2
20433 28322 2
1233 26062 2
2354 25720 2
1962 2354 2
26111 26115 2
19091 28693 2
20436 25881 2
1988 28693 2
28490 28586 2
2387 25615 2
2354 2360 2
7 28457 2
2390 28698 2
26076 27124 2
19091 28328 2
1988 25589 2
34 20433 2
1235 2414 2
1231 2360 2
2289 20465 2
26078 28490 2
1239 23189 2
28714 28718 2
60 28320 2
60 26103 2
28527 28530 2
1988 28714 2
2336 25916 2
2356 25547 2
2417 28641 2
27711 27734 2
2304 28320 2
7 28520 2
9 28186 2
26078 26123 2
1970 25615 2
1988 25613 2
25 1230 2
32 1241 2
1233 26075 2
1230 28692 2
20465 28521 2
36 2334 2
60 26078 2
234 1988 2
21722 26060 2
32 27124 2
1237 25547 2
1244 19091 2
19091 28321 2
4039 25616 2
2289 24643 2
25881 28320 2
28732 28735 2
1238 26062 2
18 20437 2
19091 26096 2
19091 25721 2
26071 26074 2
2390 2417 2
1962 2034 2
20437 28337 2
25 28499 2
60 26102 2
18 28641 2
2356 25612 2
2417 28650 2
26060 27668 2
1241 2304 2
2354 25718 2
36 28715 2
19091 25640 2
2360 25205 2
2334 28718 2
39 28694 2
19091 26104 2
1937 28694 2
25608 25637 2
26087 28051 2
46 2366 2
1239 2337 2
1935 20433 2
2366 28737 2
28484 28497 2
4039 25637 2
1232 25615 2
24643 26068 2
1232 1234 2
2360 26075 2
7 2034 2
2360 25640 2
25717 26066 2
32 28335 2
1970 26102 2
26066 26109 2
32 2336 2
25547 28325 2
2414 25718 2
1988 28662 2
25 27668 2
2329 19091 2
4039 26074 2
25637 26073 2
24786 26078 2
1774 20466 2
1231 2304 2
7 1244 2
18 25881 2
25 28665 2
1236 23230 2
19091 28489 2
20436 25205 2
2336 26060 2
28334 28345 2
1250 20466 2
2304 28693 2
20465 28735 2
32 28662 2
26060 28026 2
25 25641 2
20466 28499 2
1937 2337 2
9 1246 2
881 26102 2
60 26066 2
32 21722 2
1970 25614 2
23231 25637 2
1235 2366 2
28732 28740 2
28497 28504 2
25202 25637 2
25 25716 2
1239 26067 2
20437 26061 2
25881 26061 2
1988 2354 2
28381 28390 2
20466 28345 2
25205 25713 2
53 2360 2
2335 25645 2
28494 28501 2
2387 25612 2
21722 25616 2
26110 26111 2
26074 28023 2
1236 25881 2
28353 28358 2
20466 28353 2
2390 20433 2
1247 26060 2
28490 28520 2
25547 25720 2
25 2414 2
24643 25641 2
28324 28325 2
1835 28736 2
2551 28665 2
28494 28509 2
2336 25547 2
2335 28144 2
20436 20438 2
28335 28358 2
2365 20433 2
25916 27694 2
1988 24786 2
25205 25637 2
20466 28494 2
26060 28494 2
2366 26103 2
53 26103 2
25615 26076 2
18 28494 2
1935 1937 2
32 25616 2
19091 28250 2
35 28750 2
25 28494 2
2332 2335 2
39 25913 2
1235 20466 2
26060 28521 2
7 28735 2
36 28662 2
900 20465 2
1235 25641 2
1247 20465 2
1988 28320 2
7 28669 2
34 1231 2
2417 26104 2
1988 28519 2
32 26069 2
1962 2403 2
1233 2417 2
28645 28650 2
26075 26252 2
2366 25720 2
28692 28697 2
18 25716 2
1233 25205 2
25718 26060 2
39 23192 2
46 28334 2
2414 27607 2
2360 25713 2
20466 28486 2
26123 28026 2
26060 26061 2
27714 27842 2
2335 28018 2
23230 28322 2
19091 28322 2
28688 28692 2
1233 25202 2
32 20437 2
18 2414 2
2335 28711 2
24643 28353 2
1962 28381 2
7 1241 2
1937 26074 2
2414 26078 2
1988 28494 2
2360 20443 2
1988 26251 2
25205 25547 2
1239 26062 2
2337 26074 2
1232 19091 2
2335 3092 2
32 28648 2
1238 1937 2
1950 27668 2
1232 28496 2
1230 28691 2
1835 26063 2
32 1239 2
25547 28328 2
36 28486 2
1835 28429 2
25611 28617 2
1937 26073 2
25 1232 2
2363 28696 2
28116 28334 2
25547 28511 2
1232 25881 2
1835 25642 2
19091 27607 2
1970 28645 2
20465 28694 2
1230 25641 2
20433 28702 2
2552 8619 2
1962 28620 2
1937 20437 2
20433 28662 2
26060 28566 2
9 26065 2
1236 19091 2
1239 23230 2
7 28180 2
1234 1235 2
20436 25637 2
26078 28322 2
881 25547 2
26123 28335 2
25716 26075 2
25547 28484 2
28646 28647 2
2331 2414 2
34 28320 2
7 28429 2
2335 28602 2
28382 28385 2
26102 28490 2
2390 24643 2
28490 28588 2
60 28393 2
25547 28516 2
2304 28698 2
27607 28486 2
1239 24786 2
20466 26092 2
26060 26251 2
36 28695 2
2356 28716 2
2366 25641 2
28715 28716 2
20436 24786 2
1232 28320 2
1835 28330 2
25547 27734 2
26060 27716 2
1231 23230 2
234 20466 2
1962 8619 2
28335 28337 2
2551 28662 2
1950 2335 2
1232 28497 2
1835 2289 2
2354 24643 2
7 28330 2
1988 28463 2
1835 28334 2
1232 26076 2
1250 20433 2
7 28535 2
2329 25720 2
25 26252 2
2366 27714 2
20465 27841 2
34 26078 2
60 28499 2
27607 28124 2
2354 23189 2
1962 28068 2
19091 28068 2
2360 26251 2
1962 2248 2
1937 27124 2
19091 26110 2
39 25884 2
23230 26087 2
2551 28696 2
2078 27668 2
26063 26069 2
2582 25611 2
1233 28665 2
26078 28337 2
1962 28499 2
881 20465 2
25717 26063 2
20465 23231 2
34 25717 2
26069 28486 2
25769 25881 2
24643 28698 2
25 60 2
25641 25642 2
7 28142 2
20437 20440 2
7 25205 2
39 27124 2
26064 26071 2
19091 28324 2
1238 23189 2
28023 28496 2
2304 28324 2
950 25547 2
9 26096 2
19091 28517 2
39 28484 2
1835 25637 2
19091 28700 2
1235 20433 2
2390 28696 2
2329 28736 2
32 1230 2
1835 23189 2
39 28662 2
965 1950 2
18 25613 2
18 27607 2
23230 28662 2
36 25202 2
1962 28446 2
2335 28641 2
2366 27607 2
2356 23230 2
2366 28695 2
2366 28665 2
8619 28693 2
7 28103 2
25 1970 1
25202 26092 1
26068 26069 1
1835 28647 1
20465 28068 1
35 39 1
19091 27694 1
25547 28644 1
28482 28490 1
9 28486 1
25612 26102 1
2356 25202 1
2329 2334 1
26060 28346 1
2331 26129 1
20465 28714 1
36 28645 1
60 28698 1
25547 26113 1
25202 26129 1
32 34 1
2078 26066 1
19091 28346 1
28490 28494 1
1040 1233 1
39 2329 1
28521 28591 1
1962 26110 1
2304 28686 1
28328 28381 1
2403 20433 1
2513 28645 1
53 20466 1
2337 25716 1
39 28710 1
2337 25637 1
1232 1935 1
1774 23189 1
20438 26102 1
20465 26109 1
18 1233 1
24643 26112 1
1962 28228 1
26062 28692 1
36 1238 1
27745 27800 1
1238 2390 1
25614 27668 1
881 23189 1
26060 28456 1
39 28161 1
1970 23230 1
1246 25202 1
20465 28336 1
26074 26092 1
26103 28645 1
26060 28530 1
23189 25615 1
2054 26075 1
53 28694 1
881 2360 1
1962 28325 1
9 28100 1
28337 28372 1
39 1040 1
28484 28501 1
46 28337 1
23230 28669 1
2365 26102 1
2366 4039 1
25547 26070 1
25881 26074 1
25828 27800 1
53 28023 1
2366 28711 1
25 1461 1
1235 25637 1
2334 28692 1
965 24643 1
2335 24789 1
2354 2403 1
1233 1937 1
23189 25641 1
39 1244 1
1461 1970 1
1246 20436 1
32 25721 1
1970 2366 1
26068 28607 1
20433 28066 1
2337 28180 1
26074 28068 1
2304 25718 1
1239 1950 1
1962 25721 1
7 26251 1
2321 28650 1
23189 28691 1
26110 28103 1
35 28712 1
39 1234 1
1241 20466 1
2417 20433 1
1239 26075 1
24643 25662 1
26073 28068 1
39 28342 1
26103 28167 1
1461 28695 1
46 60 1
25616 26102 1
2337 20436 1
26060 28535 1
1233 26074 1
9 2365 1
1937 28692 1
26060 28353 1
1935 28320 1
39 28133 1
25202 25640 1
28335 28341 1
36 28666 1
46 25615 1
1234 23192 1
1230 23230 1
39 1950 1
20465 28457 1
25547 27694 1
2417 25881 1
2335 25644 1
1988 28735 1
39 28706 1
20466 26066 1
25713 25769 1
1935 21722 1
26075 26096 1
4039 28692 1
46 25613 1
28324 28337 1
25 25637 1
39 2343 1
1774 2304 1
28381 28386 1
25611 26075 1
2335 28161 1
18 1230 1
39 28341 1
35 28706 1
26078 28335 1
26073 26104 1
25612 25766 1
1835 26062 1
9 1231 1
28320 28391 1
2335 26120 1
20466 28495 1
20465 26070 1
28497 28551 1
28337 28345 1
23189 25720 1
18 28695 1
26076 28043 1
46 26078 1
1962 28322 1
9 25205 1
46 25547 1
26087 26092 1
25547 28596 1
9 28544 1
25716 25769 1
26069 28161 1
2337 26076 1
39 28142 1
20433 28161 1
23192 25913 1
1962 28041 1
2304 28068 1
1235 19091 1
900 25202 1
1950 20466 1
25716 25926 1
26069 26073 1
20466 28647 1
24643 28357 1
26251 27607 1
2354 25614 1
26102 28715 1
1250 2304 1
23189 26078 1
1234 2336 1
1937 26120 1
1002 28320 1
4039 28702 1
1461 28736 1
39 28108 1
1835 26067 1
9 27124 1
1236 26074 1
53 26123 1
1236 26078 1
34 26062 1
27800 27801 1
25547 25615 1
9 28485 1
2360 25721 1
20465 25431 1
28358 28385 1
35 46 1
28732 28741 1
20465 28535 1
2337 25640 1
2304 28617 1
1239 28068 1
881 1950 1
881 2304 1
2304 28710 1
32 1246 1
25202 26252 1
25662 26060 1
19091 28719 1
7 26063 1
20465 28315 1
28490 28496 1
39 28214 1
2304 2404 1
1002 1962 1
34 2329 1
1988 2403 1
9 28697 1
60 1236 1
1937 2321 1
24643 28130 1
2334 26060 1
39 28429 1
1233 25916 1
2078 27124 1
32 28517 1
1 1988 1
26109 26112 1
7 28116 1
2414 26076 1
26123 27607 1
23230 28728 1
1234 1238 1
23192 25431 1
26069 26129 1
28381 28407 1
36 25717 1
2417 25640 1
32 1970 1
1233 23189 1
28525 28527 1
1239 28334 1
1246 26078 1
28512 28517 1
234 1962 1
965 25547 1
1239 26129 1
1835 2331 1
25612 28617 1
25716 26120 1
25202 25884 1
23230 28018 1
23230 27844 1
20436 27714 1
1962 25926 1
9 2289 1
32 1235 1
39 28358 1
24643 28103 1
2552 28696 1
2289 19091 1
2365 25637 1
20437 25766 1
19091 28721 1
2289 2304 1
46 27707 1
36 28644 1
25547 28540 1
1233 28351 1
25613 25881 1
20465 28520 1
28482 28530 1
28582 28585 1
7 25926 1
2360 27694 1
28523 28525 1
2337 25612 1
965 26103 1
2335 28667 1
2034 28732 1
28334 28358 1
2414 24786 1
20433 28345 1
28484 28487 1
26078 28334 1
23230 28516 1
1835 28156 1
1988 28632 1
1835 25913 1
23189 28116 1
26252 28477 1
2335 28649 1
9 20438 1
2360 25662 1
46 25641 1
39 28446 1
1962 28358 1
60 28023 1
25611 28736 1
26076 26092 1
26073 26110 1
20465 26112 1
20465 28335 1
18 25766 1
2387 28717 1
2417 25612 1
28490 28565 1
2304 27711 1
1988 28454 1
26092 28335 1
8619 19091 1
2390 28714 1
4039 25611 1
18 28116 1
24786 28645 1
20433 25717 1
1250 26076 1
26075 28126 1
1234 26102 1
881 1988 1
25713 25717 1
1935 26073 1
2360 27711 1
32 25766 1
1232 25766 1
1244 20465 1
2329 20436 1
1246 21722 1
20433 27800 1
2354 2417 1
2387 26102 1
20436 27607 1
2304 27716 1
1935 2289 1
24643 28737 1
2387 28718 1
28336 28383 1
25720 26060 1
9 25615 1
1950 24786 1
1461 28741 1
2360 28494 1
2331 2366 1
28116 28330 1
25916 28695 1
19091 25642 1
28641 28644 1
25713 26103 1
39 28228 1
2387 28715 1
1988 28358 1
9 26103 1
1835 28381 1
53 28693 1
25547 28336 1
26060 28330 1
2331 25716 1
20466 28237 1
1246 19091 1
53 2304 1
1835 28407 1
1231 1235 1
26060 28156 1
39 28128 1
27700 27702 1
2414 25615 1
28494 28517 1
7 28117 1
39 27716 1
60 28715 1
39 234 1
53 28381 1
1233 25641 1
9 27712 1
25916 28691 1
1230 25766 1
23230 28191 1
24789 25202 1
23230 28501 1
7 27450 1
60 25716 1
39 28180 1
4039 26103 1
25547 28351 1
25716 26252 1
1250 2417 1
39 2404 1
28516 28544 1
2304 28585 1
2414 25616 1
28336 28343 1
2335 28594 1
2366 25718 1
60 25615 1
2304 26123 1
7 28521 1
1235 2360 1
26092 28023 1
1937 2414 1
26066 28229 1
2054 2670 1
1461 20433 1
26073 26120 1
1234 23189 1
1988 28325 1
7 1774 1
24643 28013 1
36 1230 1
1835 28516 1
2417 25916 1
35 25547 1
1988 28393 1
7 2426 1
39 28630 1
2366 25916 1
25 28486 1
1239 2360 1
34 25611 1
25202 26073 1
25547 28517 1
1233 28666 1
1233 25766 1
1962 28334 1
60 25713 1
2354 25916 1
2334 2356 1
1235 28692 1
23230 25769 1
25202 26096 1
20433 25616 1
1988 2361 1
26073 28189 1
1233 25881 1
39 28346 1
18 28276 1
1950 26074 1
26120 28251 1
2331 2354 1
1244 20436 1
39 28229 1
25 25926 1
26070 26252 1
2360 27720 1
60 20433 1
25618 26103 1
2334 20466 1
20465 28358 1
28665 28691 1
39 28084 1
39 25723 1
1835 26129 1
25881 28334 1
2329 2366 1
2304 26110 1
1962 2336 1
1236 2417 1
25547 28503 1
26060 28688 1
25916 26075 1
26073 26123 1
1988 28530 1
26078 28644 1
18 28381 1
35 27714 1
39 2551 1
39 28274 1
39 28051 1
9 28339 1
1250 26087 1
2304 28736 1
1237 1835 1
20466 28322 1
32 1935 1
1247 2304 1
1988 25718 1
1238 2417 1
28490 28582 1
20465 28715 1
2390 28691 1
1962 25662 1
18 28694 1
9 28102 1
1991 28511 1
25766 26070 1
2354 2387 1
1247 24643 1
9 1935 1
19091 28339 1
26102 28345 1
36 25611 1
1235 2387 1
19091 28128 1
950 28100 1
28327 28372 1
9 28018 1
28321 28346 1
2387 2404 1
2387 25202 1
1230 19091 1
24643 28068 1
25916 26078 1
7 28107 1
1 24643 1
1239 2366 1
25608 28693 1
25881 26103 1
2360 26092 1
26129 28023 1
1461 28715 1
2390 25613 1
1988 2356 1
20436 26078 1
28495 28499 1
2331 28023 1
1237 2356 1
28023 28051 1
2404 20433 1
28495 28519 1
26102 28322 1
25547 28276 1
23230 28189 1
2390 26102 1
2304 23231 1
2335 28345 1
26102 28336 1
28578 28582 1
1002 2335 1
25 28692 1
23189 25913 1
60 1970 1
20466 23192 1
28711 28714 1
19091 27841 1
24643 28725 1
19091 28645 1
2335 25618 1
39 28151 1
1239 28023 1
20465 28718 1
2331 25717 1
36 1235 1
965 2304 1
27800 28013 1
28520 28533 1
2414 28693 1
7 35 1
28644 28662 1
36 2513 1
2390 26129 1
1950 20433 1
2417 28666 1
25547 28250 1
1246 20465 1
2034 28735 1
26064 26076 1
25644 26073 1
25547 28251 1
2335 28617 1
2335 28116 1
28486 28490 1
1239 28328 1
1461 28641 1
26066 28130 1
26060 28485 1
2289 20466 1
1236 23192 1
1 25766 1
1461 2414 1
1250 25608 1
1228 23189 1
1246 23230 1
32 28161 1
1247 19091 1
20433 28353 1
2329 23230 1
2321 28712 1
1988 25926 1
28644 28648 1
24643 26104 1
23192 25611 1
1232 4039 1
1835 28645 1
26092 28332 1
26068 26096 1
26067 28297 1
2337 25613 1
26092 28258 1
7 28530 1
28328 28332 1
28331 28335 1
25640 25881 1
25 27841 1
26078 28189 1
1461 25613 1
1937 25608 1
20443 25205 1
1233 26076 1
1002 1935 1
2356 25614 1
19091 20443 1
26123 26251 1
2304 28732 1
60 27711 1
2289 26111 1
28385 28389 1
25716 28393 1
25717 26092 1
2360 25642 1
25614 26129 1
1236 25713 1
1241 20433 1
2337 28693 1
2390 23230 1
25608 26123 1
2289 25713 1
900 20466 1
1 1239 1
7 2582 1
2670 27801 1
1235 25766 1
20437 27800 1
39 28315 1
20436 25612 1
25202 28715 1
965 2335 1
26063 26066 1
23230 26115 1
1239 19091 1
26075 28206 1
26110 28612 1
1988 28250 1
25 2365 1
18 26092 1
25 25643 1
28494 28511 1
25608 25716 1
2304 28662 1
25926 26078 1
19091 28737 1
1988 28635 1
1774 24786 1
25 53 1
23230 25766 1
20466 28698 1
39 21722 1
23230 28691 1
2335 28585 1
2360 28499 1
20466 25615 1
2329 25547 1
39 28123 1
2390 25612 1
26066 26102 1
39 1246 1
1232 28330 1
26073 28620 1
25613 27668 1
24786 24789 1
39 2361 1
1228 25202 1
24786 28494 1
46 2414 1
9 2387 1
20433 28274 1
26111 28103 1
1835 26123 1
1962 28650 1
1937 26103 1
25202 26104 1
1230 2360 1
26069 28315 1
26102 26120 1
28665 28668 1
28337 28381 1
28486 28487 1
9 28693 1
2513 3092 1
9 28023 1
2335 25589 1
25547 26087 1
26070 26071 1
24643 28142 1
2366 2552 1
26078 28281 1
26074 28337 1
39 27712 1
53 28484 1
1835 20440 1
2289 2337 1
2335 28339 1
2361 25766 1
28492 28497 1
1235 25662 1
1835 1950 1
28662 28665 1
1239 28345 1
1235 25881 1
25613 26103 1
19091 28725 1
1231 25640 1
2390 28737 1
36 60 1
20465 25589 1
26096 28156 1
25641 25766 1
1230 1937 1
1238 20436 1
2426 19091 1
23192 25608 1
25547 28445 1
26073 26096 1
19091 28530 1
2582 20465 1
1233 1239 1
28322 28328 1
2078 2289 1
39 28240 1
1 26073 1
1235 25202 1
34 1230 1
25 28496 1
2426 28691 1
25608 25913 1
1250 2414 1
1002 23192 1
20437 21722 1
26075 26103 1
1774 25202 1
26073 28191 1
26066 26071 1
2356 25616 1
26102 28499 1
1962 2334 1
60 27124 1
1238 26076 1
28023 28259 1
26069 26092 1
1 1236 1
2337 25916 1
26102 26129 1
2403 28336 1
25 28695 1
39 28126 1
1988 25913 1
2354 25547 1
2304 2354 1
26069 28068 1
7 28382 1
1002 28023 1
23231 25766 1
20465 23192 1
32 36 1
25616 25916 1
25 21722 1
1988 25720 1
25547 28559 1
7 28018 1
1962 28695 1
1962 28116 1
25716 28023 1
2417 23192 1
2356 25611 1
2360 28670 1
18 23192 1
1988 28645 1
24643 28645 1
1247 1962 1
1835 28503 1
1233 26251 1
25547 28693 1
36 27607 1
20433 26252 1
2335 2341 1
7 28456 1
7 2334 1
1234 23230 1
26102 28702 1
32 28381 1
46 25640 1
1246 28320 1
60 25608 1
2387 28568 1
1461 25202 1
25205 25431 1
39 28096 1
234 2360 1
25615 26103 1
26120 28161 1
25637 25718 1
2289 26074 1
1962 28324 1
26066 26068 1
20466 28068 1
1962 28330 1
7 26113 1
39 28454 1
32 27607 1
26071 26087 1
26062 26070 1
2356 25205 1
39 28612 1
23192 25637 1
2354 28695 1
23230 26120 1
2417 26092 1
25662 25916 1
19091 27716 1
1461 28644 1
1230 26252 1
28496 28540 1
2552 8620 1
25589 25608 1
25713 26078 1
9 1228 1
19091 28692 1
1835 26092 1
1236 25613 1
900 1835 1
1232 26104 1
2304 28103 1
2360 26064 1
26086 26120 1
1835 28620 1
60 28490 1
26104 26252 1
1970 28662 1
2337 28692 1
46 20436 1
25608 28686 1
2552 28694 1
2366 28496 1
60 1950 1
28590 28591 1
1233 26092 1
1233 2337 1
1970 26103 1
950 1232 1
25615 26129 1
1835 28071 1
2337 2354 1
7 24786 1
25608 26065 1
24643 26113 1
28315 28327 1
25547 28357 1
26129 28630 1
1937 26110 1
2335 20440 1
2365 20466 1
28486 28488 1
1002 28339 1
7 28516 1
28385 28386 1
25547 28638 1
2366 28669 1
2315 2360 1
36 2329 1
1237 25202 1
39 965 1
9 25913 1
23230 28404 1
1835 28481 1
2335 28728 1
28490 28492 1
60 2414 1
2387 28645 1
2335 26071 1
7 28370 1
1232 25717 1
2335 28578 1
2366 26076 1
2360 28662 1
20466 28161 1
1234 1236 1
2289 25717 1
1228 19091 1
1 20465 1
28337 28342 1
28490 28544 1
26078 28641 1
25611 25916 1
965 24786 1
9 2336 1
32 24786 1
1231 25881 1
20438 20441 1
1950 1988 1
26102 28108 1
39 27844 1
26060 28168 1
34 1236 1
28497 28543 1
23230 28692 1
20466 28239 1
2354 28666 1
9 1950 1
27714 27837 1
1241 1988 1
32 28632 1
20466 25642 1
2417 28337 1
23189 26076 1
2365 20465 1
1935 25713 1
2336 28117 1
24643 26071 1
24643 28750 1
20465 28494 1
1233 28328 1
1962 28647 1
21722 26074 1
19091 26071 1
28353 28382 1
2304 28429 1
34 1235 1
1239 28696 1
2329 20466 1
25613 26078 1
39 28533 1
25637 28662 1
7 28366 1
28520 28544 1
36 2366 1
32 28459 1
1232 2365 1
28566 28568 1
9 27668 1
1231 26092 1
26102 28066 1
881 900 1
39 8619 1
28353 28357 1
8619 28695 1
1232 26073 1
25547 28353 1
60 25614 1
1835 28644 1
28714 28721 1
26078 26251 1
965 25611 1
2034 26102 1
2289 26123 1
23230 28695 1
2387 25713 1
25 25916 1
20436 26251 1
2426 24643 1
18 25720 1
39 26112 1
1835 28714 1
60 1937 1
7 2356 1
2417 25641 1
19091 28168 1
2414 26074 1
1238 25916 1
35 28335 1
25640 25713 1
1461 28647 1
28031 28033 1
1835 2387 1
2335 2550 1
25637 26078 1
28391 28393 1
1970 26104 1
1234 25881 1
2550 3092 1
39 27841 1
39 28588 1
28490 28499 1
20466 27124 1
1835 26061 1
28594 28596 1
25637 26074 1
25640 26102 1
21722 26075 1
25717 25720 1
25 25766 1
24643 28344 1
1988 27607 1
7 2329 1
26064 26096 1
1835 28692 1
2335 25828 1
1234 1962 1
1461 28739 1
950 20466 1
39 26115 1
1937 23189 1
26076 26104 1
39 28381 1
1239 25766 1
1835 21722 1
26060 28117 1
25 28068 1
1232 25716 1
2335 27712 1
2582 25613 1
20465 28527 1
7 26092 1
34 1935 1
26073 26114 1
28023 28494 1
2354 28721 1
1962 28496 1
1239 8619 1
2403 4039 1
2335 28582 1
4039 26065 1
25 24786 1
28320 28404 1
60 28695 1
53 28501 1
28509 28512 1
26069 28093 1
1962 26113 1
1 1235 1
24643 28322 1
1233 28103 1
23230 28365 1
26076 26252 1
24789 25716 1
27124 28281 1
1988 28330 1
1246 2335 1
20466 28100 1
1962 28667 1
2335 25719 1
1237 23230 1
1231 26252 1
2304 25719 1
18 25637 1
9 1234 1
32 2390 1
25431 26102 1
39 2365 1
53 28497 1
1950 26103 1
1835 28116 1
1835 25926 1
60 28337 1
28335 28336 1
25202 25916 1
2360 28646 1
2360 20441 1
26062 26120 1
9 25881 1
20443 26076 1
39 28117 1
26060 26063 1
25716 28497 1
1988 28586 1
26092 28320 1
28487 28489 1
25641 25645 1
1002 25615 1
36 25641 1
1236 25916 1
1238 26073 1
2034 26103 1
39 881 1
28326 28328 1
2335 28068 1
20466 25723 1
28331 28351 1
1988 28259 1
4039 25717 1
20465 28717 1
26120 28494 1
28341 28346 1
18 25615 1
25637 28568 1
1962 25205 1
20466 27727 1
26069 28240 1
24643 26109 1
1238 28702 1
1835 28732 1
2390 28717 1
24786 28068 1
26060 28186 1
1937 27668 1
25718 26102 1
53 23230 1
1246 25766 1
2304 28499 1
1774 20433 1
19091 21722 1
2390 23192 1
20465 28497 1
32 1231 1
9 1247 1
39 2321 1
25615 25637 1
25608 28620 1
25547 25884 1
25 2331 1
2304 24789 1
39 28103 1
1988 28496 1
25 25713 1
25205 25916 1
2360 8619 1
39 26110 1
2335 25926 1
39 28331 1
1002 2387 1
32 1002 1
2414 28694 1
28445 28446 1
53 28495 1
25719 26102 1
60 23189 1
9 26110 1
36 4039 1
2366 25719 1
34 25637 1
36 23189 1
1988 28533 1
27702 27741 1
2363 2551 1
2360 24789 1
28523 28530 1
32 26092 1
1238 28494 1
2304 28454 1
1244 25547 1
2366 26062 1
39 27707 1
2417 27450 1
26114 28068 1
26073 28499 1
2078 20465 1
1230 2403 1
881 24786 1
26060 28491 1
24643 25721 1
2423 25916 1
1988 24789 1
23230 26071 1
20433 28335 1
7 23356 1
7 28740 1
9 28702 1
2390 2414 1
1238 26252 1
1461 28692 1
18 28696 1
26063 26064 1
1970 26073 1
2403 26078 1
2335 26062 1
28559 28568 1
1988 28230 1
26103 27714 1
2078 25547 1
2034 25547 1
24643 28214 1
2417 23189 1
1835 28161 1
7 28697 1
25916 28692 1
26102 26112 1
25899 26060 1
881 1030 1
34 25615 1
2034 23189 1
28491 28497 1
2361 2403 1
23189 25205 1
26075 26251 1
18 25913 1
2360 28717 1
34 234 1
2404 24643 1
28714 28717 1
28330 28353 1
1002 2304 1
1835 4039 1
1244 1988 1
20436 27727 1
23230 28116 1
26102 28324 1
23230 26129 1
53 27716 1
950 26076 1
23189 28023 1
2356 2360 1
2335 28481 1
26069 28496 1
2390 25615 1
25718 28497 1
23230 28230 1
1935 28133 1
26086 26251 1
1235 2078 1
25766 26074 1
26129 27668 1
1232 26078 1
2335 26114 1
18 1239 1
1232 25202 1
1988 26067 1
25547 28168 1
1002 26069 1
2331 2337 1
32 2403 1
26065 26074 1
1228 1988 1
28737 28738 1
32 28644 1
26065 26103 1
1236 20436 1
36 26092 1
26078 28023 1
1950 26129 1
2366 20440 1
2329 25611 1
39 28334 1
25547 28117 1
25 20440 1
19091 28369 1
60 28691 1
2417 23356 1
25608 25721 1
1241 2335 1
1239 1461 1
2034 20466 1
1835 26065 1
25716 28494 1
1235 25614 1
24789 25713 1
1835 28509 1
25 25205 1
28692 28702 1
24786 28499 1
36 2390 1
20436 28339 1
1244 20437 1
1236 25611 1
1030 1774 1
20466 26104 1
25615 25881 1
23230 28686 1
1962 23192 1
18 26114 1
20465 28345 1
7 1950 1
1040 1835 1
26102 28411 1
25547 28365 1
25547 28161 1
26076 26113 1
28161 28341 1
7 25721 1
39 25642 1
26252 28239 1
2354 25713 1
2387 25547 1
28688 28695 1
28696 28702 1
1988 26252 1
26060 28503 1
26060 26065 1
27700 27837 1
60 25611 1
1233 27607 1
1236 25614 1
25716 25719 1
39 28638 1
39 28486 1
1231 2417 1
39 28137 1
2335 28031 1
1937 26113 1
2341 25613 1
20466 28041 1
2335 26092 1
1246 25547 1
1988 28644 1
36 1239 1
24643 28717 1
965 1238 1
2336 26102 1
20436 27841 1
1228 2387 1
25547 27707 1
28324 28351 1
1950 2289 1
1238 25881 1
2363 8619 1
26071 28297 1
2337 28702 1
23231 28332 1
26102 28096 1
1937 25637 1
1235 1239 1
26102 27124 1
53 2354 1
24643 25205 1
20433 26071 1
1233 26078 1
1244 27716 1
25608 25719 1
26102 26103 1
28320 28322 1
1950 28023 1
1988 28043 1
2321 2343 1
19091 28330 1
32 26123 1
60 2354 1
25202 28334 1
34 26252 1
28688 28691 1
35 28321 1
1234 20465 1
25547 28496 1
1937 25713 1
2329 26129 1
36 2354 1
25547 28429 1
25608 28692 1
23231 24643 1
28481 28495 1
28496 28566 1
1835 25644 1
1988 28702 1
25642 25645 1
25 28490 1
20437 26075 1
1235 2034 1
39 28168 1
7 28377 1
2366 25766 1
2289 25547 1
2315 28662 1
1233 19091 1
2335 28737 1
1231 2403 1
39 28607 1
1835 28054 1
25202 28702 1
26076 28494 1
1962 28093 1
20465 28487 1
1233 4039 1
20433 25916 1
53 26251 1
27712 27716 1
234 20465 1
1935 2304 1
39 28339 1
28366 28370 1
25 28530 1
2403 25202 1
1937 25717 1
26060 28123 1
18 25611 1
2390 25881 1
1236 27607 1
1950 2078 1
26075 28251 1
19091 28484 1
39 28695 1
26060 26067 1
26092 28116 1
1040 25202 1
28499 28519 1
1988 26064 1
25613 27607 1
26062 26252 1
35 26060 1
1950 26078 1
1962 25589 1
2354 24786 1
28358 28389 1
1239 28692 1
1988 25721 1
1239 1970 1
28521 28523 1
26252 28237 1
2321 24643 1
1937 26076 1
2360 26062 1
28068 28337 1
1970 4039 1
28495 28590 1
25640 26073 1
2360 28377 1
2289 26060 1
28499 28523 1
2390 28686 1
1970 2417 1
1988 28258 1
2360 26110 1
20465 25884 1
39 28457 1
9 20443 1
1774 20465 1
26074 28100 1
25608 28666 1
26060 28167 1
9 28499 1
23230 28696 1
2337 25615 1
24643 28635 1
26102 28693 1
8619 8620 1
1230 24786 1
24643 28718 1
2289 26073 1
19091 28334 1
28495 28520 1
26087 26252 1
25608 25713 1
46 25614 1
26252 28116 1
28732 28739 1
18 28357 1
25716 26103 1
28331 28393 1
25 25613 1
46 25611 1
36 28736 1
25 27124 1
28383 28404 1
900 25766 1
2335 27124 1
28358 28404 1
28516 28520 1
1239 26103 1
2414 4039 1
1233 2366 1
25202 26075 1
53 28695 1
2078 21722 1
18 1247 1
25716 26076 1
2331 23230 1
1233 20436 1
9 28369 1
24643 28588 1
53 27712 1
27741 27745 1
26073 28054 1
60 1234 1
28715 28735 1
1234 2289 1
26073 26092 1
46 20437 1
28332 28335 1
36 25713 1
1233 2356 1
2361 20465 1
25547 28586 1
2335 2361 1
34 26129 1
1988 26061 1
20466 28693 1
25547 28084 1
1988 28102 1
53 20436 1
25614 25662 1
28492 28512 1
2366 28617 1
1250 24643 1
1991 25547 1
2034 20465 1
35 1835 1
1234 19091 1
1234 1835 1
28488 28497 1
2366 25913 1
1002 20466 1
20433 26065 1
28521 28530 1
18 28206 1
25547 28585 1
25202 28023 1
23230 28694 1
28341 28343 1
2354 28735 1
23189 26103 1
19091 25662 1
60 26123 1
1250 26078 1
1461 28645 1
25720 28494 1
1988 2336 1
1937 28688 1
1835 26073 1
2337 28700 1
2417 25716 1
1230 1835 1
1962 2329 1
39 28735 1
39 28459 1
900 1230 1
7 28339 1
25 28645 1
35 28494 1
2387 25608 1
20440 26060 1
20465 28477 1
20438 26060 1
25547 28568 1
2304 28669 1
1002 25608 1
25881 25899 1
28320 28345 1
24786 25608 1
2331 27841 1
46 28137 1
1962 25718 1
1835 28693 1
25640 26076 1
1988 25641 1
26069 26103 1
