2304 2366 916
1835 2366 702
2366 20437 587
1835 2360 586
7 23230 574
7 1835 557
7 2304 472
7 20433 469
1835 18812 456
7 1988 407
2360 20436 402
7 20466 387
7 26060 385
2360 2366 374
7 20465 372
7 1962 367
1835 20433 359
2366 20436 355
1835 1988 354
7 20437 350
2360 20437 350
2304 20436 343
1988 23230 328
2304 2360 323
20465 20466 310
7 2360 297
1835 23230 293
2335 2360 293
1835 20437 292
9 23230 291
2304 2335 280
1835 2304 279
9 2304 276
9 1988 275
26063 26067 270
9 1835 265
2304 20433 262
7 2366 256
2304 20437 246
2335 2366 245
1835 2335 236
2304 23230 228
39 1835 223
1835 20465 222
1962 23230 216
2304 20465 215
7 2335 206
20433 23230 205
9 26060 201
9 1962 200
2335 20437 200
20436 20437 200
9 20433 195
7 26067 194
1988 20466 194
1988 2304 192
20465 23230 191
39 23230 191
20433 20436 190
1988 26060 190
7 32 189
2360 20465 187
9 20466 182
18 1988 181
7 18812 180
1962 2304 180
9 20437 179
1835 20466 177
7 26102 177
1988 20433 175
1835 26060 175
23230 26067 173
20433 20437 172
7 20436 171
7 18 168
9 39 166
9 20465 166
1835 20436 165
20466 23230 165
2360 23230 163
20433 26060 162
9 2360 162
1835 1962 159
2335 20433 159
2304 20466 157
2335 20436 156
39 20465 154
20465 26060 151
23230 26060 149
9 2366 148
2360 20433 146
1988 20437 146
1988 20465 145
2366 20433 145
7 25 143
1962 26060 139
2360 18812 136
7 26103 136
2304 26060 135
1962 1988 135
39 20466 132
2366 26060 129
39 2366 129
1962 20433 128
20436 20465 127
39 2304 124
7 26078 124
39 1988 123
20437 26060 122
7 27714 122
1988 2335 120
39 20433 118
1988 2360 117
20437 23230 117
20433 20465 116
9 2335 116
1988 20436 113
1962 26102 111
20433 20466 109
39 26060 109
1988 2366 109
2335 23230 108
39 20437 106
2335 20466 104
20436 23230 103
1988 26102 103
1962 20437 102
39 1962 100
23230 26102 100
2304 27714 99
39 20436 97
2360 26060 96
2335 26060 96
7 53 96
1962 2360 94
1988 26078 94
1835 26102 94
9 20436 94
1962 2366 94
27714 27724 93
2366 23230 93
20466 26060 93
2366 20465 93
20436 26060 93
39 2335 92
1988 18812 91
7 26062 91
7 60 89
18812 23230 89
9 26102 87
7 46 87
39 2360 83
2304 26103 81
18 1835 80
1962 20466 78
18812 20433 77
7 9 77
26060 26102 77
20437 26103 76
23230 26078 76
1962 2335 72
2360 26103 71
2304 26102 69
2360 20466 69
1835 26103 68
2335 20465 67
20433 26102 67
9 26078 67
25 1988 66
18812 26060 65
2366 20466 65
1962 18812 63
32 1835 62
1962 20436 62
2304 18812 61
20465 26102 61
9 26103 60
32 23230 60
20437 20465 59
2304 2417 58
18 20466 58
7 39 58
1835 26078 58
26060 26103 57
32 2304 56
46 23230 56
20433 27714 56
25 23230 55
20437 20466 55
18812 20465 54
25 1835 53
18 26060 51
2304 26078 51
20436 20466 51
25 20465 51
9 18812 50
23230 26103 50
18 23230 50
20437 26102 49
20465 26078 49
1962 20465 48
39 26078 47
32 20433 47
25 20466 47
7 15 46
32 20465 45
2360 26102 45
7 21722 45
32 1988 44
39 26103 44
2304 26063 44
32 20466 44
20466 26103 42
9 32 41
46 1988 41
26065 26068 40
18812 20466 39
27697 27700 39
2366 26102 39
46 1962 38
25 2304 37
53 23230 36
20466 26078 36
46 26060 36
26060 26078 36
60 1988 36
7 27711 35
20433 27712 35
60 23230 35
18812 20437 35
25 26060 35
20436 26102 35
1962 26103 35
18 20433 34
23230 26062 33
25 1962 33
2334 20436 32
2360 26078 32
20436 27714 31
46 1835 31
2335 26102 31
25 20433 31
32 26060 31
20433 26078 30
39 18812 30
18 20465 30
18 2360 30
39 26102 29
25 20437 29
18 1962 28
1835 21722 28
26060 27714 28
7 26129 28
20433 26103 28
26067 26068 28
2304 21722 27
9 46 27
9 21722 26
18 18812 26
18812 26078 26
20436 26074 26
46 20466 26
2366 2417 26
7 27668 26
2366 27714 26
26091 27713 25
2304 27711 25
1962 26078 25
2366 26063 25
20437 26078 24
46 20433 24
9 27714 24
60 20433 23
32 20437 23
2335 26078 23
20437 21722 22
2337 2366 22
53 1988 22
18 2304 22
20436 26062 22
18812 26102 22
18 2366 21
26078 26102 21
7 27707 21
9 18 21
2366 26078 21
53 2304 21
18812 27714 20
2366 21722 20
20465 26103 20
2304 2334 20
9 26063 20
26102 26103 20
20433 26067 20
2331 2417 20
2335 18812 20
25 39 20
18 26078 20
25 2335 19
7 27124 19
60 1835 19
20436 26078 19
18 39 19
1835 27714 18
20437 27714 18
2304 26062 18
7 26076 18
53 1835 18
1835 26067 18
2366 18812 18
26078 26103 17
18812 20436 17
60 2304 17
1988 27714 17
46 2304 17
32 1962 17
7 26075 17
20433 21722 17
32 2335 17
7 2334 17
7 26073 17
20433 27711 17
32 2366 17
1988 26076 17
18812 27713 16
32 39 16
27661 27662 16
18 20437 16
25 26102 16
53 20466 16
2335 2417 16
26092 26120 16
9 27712 16
7 25547 16
9 60 16
1835 25547 16
1835 26129 15
18 2335 15
7 1937 15
1835 26062 15
1988 25547 15
20466 26102 15
24643 26067 15
7 1235 15
1835 26063 15
20465 27714 15
39 21722 15
23230 27714 15
20433 27668 15
53 2360 14
60 20437 14
25 20436 14
25 2360 14
1835 27668 14
60 20466 14
20437 27713 14
20436 21722 14
60 26102 14
60 1962 14
32 2360 14
2334 20433 13
21722 23230 13
1962 27124 13
2335 25913 13
20465 26067 13
1835 2417 13
20466 21722 13
26073 26076 13
2304 26076 13
32 26102 13
2304 25547 13
9 26129 13
18 32 13
60 26060 13
25 2366 13
2304 27713 13
25 26078 13
1962 25547 13
1988 26103 13
23230 26129 13
20465 26129 13
18812 21722 13
18 26102 13
2366 27668 13
7 26074 13
1988 21722 12
2335 27662 12
32 18812 12
21722 27714 12
60 20465 12
20465 27668 12
25 18812 12
25 27124 12
1835 27707 12
7 23231 12
1988 26129 12
1988 23231 12
53 1962 12
46 2360 12
18812 26073 11
18812 26074 11
1835 26075 11
1835 26073 11
46 20437 11
26074 26076 11
32 20436 11
53 20433 11
2335 27713 11
1835 27713 11
2335 26103 11
53 20465 11
1962 21722 11
20465 26076 11
7 2337 11
20433 27707 11
2335 26076 11
26060 26129 10
1988 26074 10
23230 27711 10
1835 26074 10
20433 26129 10
1988 4039 10
26061 26063 10
46 20465 10
23230 27668 10
7 26092 10
32 26103 10
1835 26076 10
18812 26063 10
20465 27124 10
32 26078 10
20465 26074 10
1237 1835 10
20466 27714 10
46 26078 10
20437 26129 9
26075 26076 9
20466 25547 9
9 25 9
1835 1937 9
21722 26060 9
1962 26129 9
7 25713 9
23230 26068 9
26060 27711 9
2366 26103 9
2366 26062 9
1937 20437 9
2335 21722 9
2335 2337 9
2304 26075 9
53 26060 9
18812 23231 9
18 20436 9
1988 27707 9
9 1237 9
32 27714 9
20437 27668 9
20466 26129 9
53 20437 9
20433 26073 9
7 27724 9
20433 27713 9
2304 27673 9
18812 26075 9
53 2366 9
1835 27124 8
23230 25547 8
53 2335 8
7 26063 8
2304 26129 8
2337 20436 8
26089 26092 8
1937 23230 8
9 26076 8
26074 26075 8
60 2360 8
20437 26076 8
2360 26073 8
46 20436 8
20436 27124 8
20465 26068 8
23230 27124 8
46 26102 8
25 27668 8
20465 21722 8
2360 26129 8
1835 27711 8
18 26103 8
1835 2337 8
2335 25611 8
18 27668 8
2360 21722 8
20436 26129 8
25 26103 8
2417 20436 8
2360 27668 8
20433 26076 8
1988 25913 8
2304 23231 8
1937 1988 7
2304 27668 7
27712 27713 7
2304 2414 7
9 1244 7
2335 26073 7
9 26074 7
20437 26074 7
7 13 7
2335 25547 7
25547 26060 7
2334 20437 7
2304 25611 7
7 2414 7
7 1237 7
18 27714 7
7 1230 7
20433 25547 7
7 27713 7
1988 2417 7
26063 26103 7
39 26129 7
27695 27696 7
27707 27714 7
9 25547 7
53 26102 7
60 20436 7
2335 25205 7
7 27716 7
1937 2366 7
21722 26103 7
1835 25608 7
2335 27668 7
1988 2337 7
1962 26074 7
1230 1235 7
27707 27720 7
1988 27711 7
27713 27720 7
39 26074 7
2334 2387 7
7 25766 7
1231 1236 6
25916 26067 6
20465 23231 6
18812 26076 6
27707 27711 6
20433 23231 6
20466 26075 6
20437 25547 6
46 2366 6
32 27712 6
2334 26076 6
1835 26251 6
1835 27724 6
18 21722 6
1962 27714 6
25916 26063 6
26060 27668 6
20433 27724 6
39 23231 6
20436 26063 6
26092 27607 6
26092 26123 6
26089 26120 6
7 27607 6
26062 26078 6
1835 2331 6
26103 27714 6
1835 27673 6
2366 27712 6
2414 26060 6
9 25766 6
2360 23231 6
26060 27124 6
60 2335 6
1238 1988 6
60 26103 6
20436 27668 6
26075 26092 6
39 25916 6
1232 1235 6
9 53 6
20433 25205 6
2360 27707 6
23230 26076 6
1235 1238 6
7 1231 6
39 27714 6
2360 27714 6
60 18812 6
23230 27707 6
1962 26076 6
2366 27124 6
23230 23231 6
39 27668 6
7 2417 6
2331 2335 6
7 1247 6
20436 27707 6
20465 26075 6
1235 1988 6
1988 26063 6
18 25 6
1237 23230 6
46 18812 6
18 27713 6
2331 2414 5
1235 2304 5
25 60 5
2335 27661 5
39 26075 5
27711 27714 5
1988 26073 5
7 25916 5
9 1238 5
2366 26073 5
7 26089 5
18812 25547 5
18 25547 5
9 23231 5
20433 26092 5
2366 26129 5
26092 26252 5
2366 27707 5
20465 26073 5
7 23189 5
2335 2414 5
9 27668 5
7 27720 5
7 25913 5
1244 20433 5
1235 1236 5
39 26073 5
26075 26120 5
15 2304 5
1988 27713 5
20436 25547 5
23230 26092 5
1988 27607 5
1236 2335 5
46 21722 5
1235 23230 5
23230 26063 5
60 2366 5
20437 23231 5
2335 27714 5
27697 27699 5
20465 25547 5
25547 26103 5
26120 26252 5
26092 26251 5
1239 20433 5
9 25913 5
20465 26063 5
23230 27713 5
2334 20466 5
27713 27714 5
2366 2414 5
1244 1988 5
25547 26102 5
20466 23231 5
26075 26078 5
7 1244 5
20433 25202 5
1988 26062 5
1835 23231 5
20437 27711 5
20465 27707 5
1244 26060 5
1835 26089 5
18812 26103 5
2335 27124 5
1231 1235 5
60 26073 5
26060 26073 5
26060 27713 5
20437 27124 5
2668 27672 5
26060 26092 5
60 26078 5
7 234 5
7 27712 5
1237 1962 5
2334 26060 5
2304 2337 5
2304 27724 5
7 1242 4
2304 25913 4
26067 27607 4
7 1249 4
20437 26075 4
26102 27713 4
1230 2304 4
53 20436 4
2360 26076 4
2366 26074 4
1231 20433 4
27695 27698 4
27700 27714 4
26073 26075 4
39 60 4
39 26076 4
26102 26129 4
39 2334 4
1988 27724 4
25 1937 4
27699 27700 4
2304 26089 4
20433 25713 4
9 2417 4
39 25713 4
18812 26062 4
13 20433 4
26060 27695 4
20466 25916 4
1230 1231 4
9 1247 4
7 23192 4
1238 1962 4
26076 26103 4
1835 1941 4
1937 20433 4
26061 26067 4
53 26078 4
20465 25713 4
1231 26060 4
53 26103 4
1247 20466 4
1231 1239 4
1238 23230 4
1233 1235 4
25 21722 4
1244 1835 4
9 26092 4
1232 2335 4
1835 26092 4
1988 24643 4
25 46 4
9 15 4
2337 20465 4
7 27694 4
46 26103 4
27707 27724 4
1835 27720 4
2360 25547 4
23231 26060 4
26078 27714 4
7 1238 4
39 1235 4
1235 20465 4
20466 25608 4
25 23231 4
18812 27707 4
9 25916 4
1237 20437 4
2360 27713 4
18 26073 4
26075 27607 4
26102 27714 4
1937 20466 4
46 26074 4
23230 26074 4
2791 27673 4
13 20465 4
2360 27124 4
23230 26073 4
26103 26129 4
1230 20433 4
2335 25766 4
27694 27714 4
26102 27668 4
39 2417 4
20437 26073 4
23230 26075 4
2304 26074 4
9 27711 4
1962 26092 4
1988 27712 4
9 2582 4
53 26075 4
2304 2331 4
1247 1988 4
2366 27720 4
26060 27707 4
2335 26075 4
1235 1835 4
27711 27712 4
39 25547 4
1962 2417 4
26073 26074 4
46 27668 4
26251 26252 4
32 26063 4
26074 26129 4
1237 20433 4
15 18812 4
13 1988 3
25 2337 3
27707 27713 3
2334 20465 3
7 20443 3
2417 20466 3
26089 26251 3
27711 27724 3
20437 25916 3
2304 25916 3
7 27700 3
20436 26103 3
18 1235 3
20436 26076 3
60 25713 3
27712 27735 3
21722 27668 3
23230 27724 3
2360 2390 3
2390 23230 3
1235 20466 3
32 26073 3
23230 26120 3
26074 26123 3
7 1002 3
1243 23230 3
1835 25611 3
2366 27713 3
1232 2366 3
26089 26123 3
2366 24643 3
9 26089 3
1840 27672 3
1937 26060 3
2331 2366 3
1230 1232 3
1246 2366 3
2335 27716 3
2304 27700 3
20433 27124 3
1232 2304 3
26060 26076 3
7 1232 3
1238 26103 3
1236 26060 3
1962 27707 3
23230 25202 3
1230 1238 3
234 26078 3
1988 25916 3
2337 2417 3
1239 20436 3
1239 2366 3
2304 25205 3
27696 27699 3
25 32 3
18812 27668 3
2337 2360 3
46 2335 3
69 20465 3
1232 23230 3
7 27697 3
23230 25913 3
1988 27720 3
20466 25766 3
1237 26060 3
18 1237 3
23230 27712 3
27694 27695 3
20466 26073 3
1239 2304 3
23230 27720 3
20433 27720 3
7 26120 3
1835 27607 3
26061 26062 3
1231 1962 3
1988 25766 3
2304 27697 3
2304 23189 3
1238 26102 3
1231 2304 3
1937 20465 3
18812 26129 3
1243 2366 3
1988 2414 3
20466 26089 3
26076 26102 3
2360 2417 3
20443 20466 3
1243 20437 3
39 27713 3
1965 27125 3
39 1237 3
1231 20436 3
2414 2417 3
26120 26123 3
32 26129 3
1835 26091 3
13 18812 3
1246 20433 3
39 1950 3
13 1835 3
1235 20433 3
1244 18812 3
25547 26078 3
1234 1235 3
2417 26060 3
26065 26067 3
2304 27716 3
20466 27668 3
1988 25611 3
2304 26120 3
1235 20437 3
2304 27707 3
21722 26102 3
32 26074 3
13 20466 3
2304 27124 3
2417 20437 3
1937 26078 3
2335 27711 3
20466 26076 3
2304 27720 3
53 27713 3
23230 27716 3
26076 26078 3
26074 26092 3
1988 2390 3
1243 2360 3
1247 20433 3
2335 27673 3
26078 26129 3
9 1230 3
2034 20436 3
1244 2366 3
2334 26102 3
20437 27707 3
1244 23230 3
1962 27711 3
1235 26060 3
26060 26074 3
1988 25713 3
1236 1238 3
2304 25766 3
53 25713 3
2390 20436 3
20466 27720 3
26075 26102 3
965 27713 3
7 2423 3
2334 2366 3
2366 26075 3
1244 20466 3
26075 26252 3
2417 20433 3
2304 23192 3
26064 26066 3
20466 26074 3
1935 1988 3
26078 27716 3
2337 20437 3
53 26129 3
23230 25608 3
20437 20443 3
15 1988 3
2417 18812 3
1247 20436 3
1988 26075 3
18 46 3
25205 25766 3
23230 27694 3
1246 2335 3
15 1835 3
4039 20436 3
32 25547 3
26091 26092 2
1239 1988 2
39 1238 2
1237 1988 2
1988 24786 2
26120 26251 2
23230 25766 2
1235 26073 2
21722 25713 2
46 27713 2
27698 27714 2
14 27607 2
1247 26073 2
25 1840 2
20466 26092 2
1941 27712 2
13 2417 2
1962 27724 2
26103 27694 2
1242 23230 2
7 25611 2
1234 1988 2
26073 26089 2
2334 23230 2
32 27668 2
7 2582 2
2304 4039 2
20433 23189 2
1238 20466 2
20436 25608 2
20466 25611 2
26060 26075 2
9 1235 2
27711 27713 2
15 20433 2
7 27735 2
2304 27749 2
1236 1962 2
1236 2304 2
60 25913 2
26060 27607 2
1246 20436 2
27711 27720 2
1835 2414 2
25611 25766 2
23189 26073 2
26060 26120 2
7 1234 2
18812 27711 2
2304 26073 2
18 53 2
9 1242 2
1236 23230 2
27696 27716 2
20433 25916 2
24786 25766 2
2366 24786 2
2417 20465 2
20466 27716 2
2334 18812 2
26068 26103 2
1988 27716 2
39 26092 2
23189 25202 2
2360 27716 2
1234 20436 2
9 1243 2
2034 2304 2
1835 26252 2
25637 25766 2
27696 27700 2
1236 1239 2
9 2414 2
9 13 2
20465 27697 2
32 26075 2
23230 26089 2
2034 2668 2
25 26129 2
20433 26075 2
18 27707 2
1937 26076 2
26073 26120 2
25 25713 2
1238 26073 2
25611 26102 2
20436 25916 2
2335 26068 2
7 27673 2
18812 26067 2
60 1236 2
20437 26251 2
1237 26103 2
46 27696 2
7 4039 2
1230 1835 2
7 25602 2
1250 1835 2
32 25766 2
2417 26103 2
1962 26251 2
26129 27713 2
25611 25713 2
1234 20437 2
2417 27720 2
2360 26075 2
18 1244 2
2080 2675 2
1835 2582 2
20433 25611 2
2335 26074 2
26061 26066 2
32 60 2
2417 26102 2
13 27713 2
1941 26103 2
1242 2335 2
20436 25202 2
2360 27720 2
18 26076 2
26060 27716 2
7 2390 2
1230 1988 2
1237 2366 2
1988 26251 2
1962 26123 2
27695 27713 2
18812 27698 2
20433 25766 2
1840 2668 2
1243 20436 2
26251 27607 2
7 1239 2
1988 27668 2
1244 27714 2
1962 2337 2
46 23231 2
1835 25202 2
2360 25713 2
39 2675 2
25547 26076 2
46 25608 2
1002 23230 2
13 23230 2
39 4039 2
26078 27673 2
1246 2304 2
1232 2334 2
7 26091 2
20465 26069 2
23189 25766 2
18812 26092 2
39 27124 2
9 23189 2
26062 26068 2
9 25637 2
32 27709 2
26091 27714 2
2417 27714 2
26073 26078 2
25 24786 2
27695 27697 2
1247 27713 2
1244 20465 2
27714 27720 2
26065 26103 2
1246 20465 2
26062 26065 2
26075 27714 2
32 1235 2
7 24789 2
39 25608 2
1247 27607 2
1237 2360 2
26120 26129 2
1709 1988 2
26073 26102 2
20465 27724 2
1950 1988 2
2360 27718 2
1235 1962 2
25205 25611 2
15 26060 2
7 24643 2
7 2027 2
20436 27711 2
9 26065 2
1835 25713 2
1249 2304 2
20466 27707 2
7 24786 2
20436 23231 2
20433 26062 2
13 39 2
20437 23189 2
1232 1238 2
13 26102 2
2366 26076 2
39 1247 2
25 27714 2
1244 20436 2
1243 1988 2
1988 27696 2
26067 26081 2
26064 26067 2
1247 2304 2
2360 27694 2
9 1236 2
1238 2360 2
39 26120 2
2331 2337 2
1231 20437 2
20465 26120 2
7 1236 2
1232 20433 2
32 2337 2
2360 25916 2
2360 2414 2
1239 20466 2
18812 26068 2
23230 25713 2
1962 27716 2
9 2329 2
13 32 2
39 26251 2
14 27714 2
25766 26060 2
20465 25611 2
27698 27699 2
27713 27716 2
26078 27713 2
1239 26060 2
25 26076 2
1962 24786 2
39 46 2
1962 27694 2
39 27607 2
39 25913 2
60 2337 2
26063 26064 2
1835 25766 2
15 46 2
9 26120 2
24786 26103 2
32 1232 2
2304 27607 2
18812 27697 2
2366 25916 2
25202 25766 2
27698 27707 2
25608 26060 2
4039 26060 2
1988 26089 2
1835 27694 2
25611 26060 2
1247 2360 2
2337 2414 2
2304 24789 2
24643 26068 2
20465 23192 2
18 25913 2
1241 1988 2
1232 1835 2
26102 26120 2
25 1247 2
26063 26078 2
1238 26060 2
7 1040 2
2403 26060 2
1233 1238 2
2335 25713 2
27713 27735 2
23189 26067 2
26075 26103 2
7 1243 2
39 1937 2
1962 27713 2
15 20466 2
23231 26102 2
2366 23231 2
1962 23231 2
2304 27672 2
18812 27696 2
1244 26073 2
2335 25916 2
1935 1962 2
7 1246 2
20433 24786 2
26061 26120 2
1239 20437 2
1244 20437 2
1235 27607 2
2417 23230 2
18 1238 2
39 1242 2
1235 2335 2
20465 27713 2
1988 2334 2
1241 20436 2
2334 25547 2
27696 27711 2
46 27711 2
26060 26251 2
1988 2403 2
1230 23230 2
2335 24786 2
2304 2361 2
25713 26102 2
2304 26252 2
1238 1239 2
14 26075 2
18812 27694 2
26061 26068 2
39 26063 2
1234 1238 2
1242 27124 2
4039 26129 2
1235 2366 2
25205 25881 2
2366 25547 2
9 25202 2
2337 23230 2
1238 2304 2
9 27724 2
1239 26073 2
1230 1239 2
1247 2366 2
26076 26129 2
1247 1835 2
7 26069 2
9 26075 2
26074 26078 2
4039 23230 2
20465 26092 2
25611 27713 2
32 21722 2
2334 2360 2
965 2304 2
1241 23230 2
2582 27713 2
1231 20466 2
53 26063 2
1941 20436 2
1236 1937 2
1962 25713 2
7 25608 2
26074 27714 2
46 53 2
20466 27711 2
2356 2366 2
27707 27709 2
20465 25766 2
2334 21722 2
9 2331 2
24643 26060 2
1246 20466 2
9 1941 2
2335 23189 2
2360 25202 2
1230 27713 2
27696 27697 2
234 2304 2
18812 25211 2
53 26067 2
2366 24789 2
26060 27654 2
1246 2360 2
1962 25205 2
32 25713 2
1988 2331 2
1002 2366 2
2329 20433 2
234 27673 2
1230 2335 2
26073 26092 2
1247 20437 2
1232 1234 2
2331 26078 2
7 26081 2
15 20437 2
20437 27749 2
2034 26102 2
32 2365 2
20436 27607 2
1835 25916 2
2366 2403 2
32 2414 2
20466 27694 2
1835 25913 2
1247 25547 2
1234 1962 2
2414 23230 2
27697 27707 2
1231 1988 2
60 25547 1
2337 26073 1
1962 2390 1
23230 25637 1
27697 27698 1
1239 1962 1
25205 25637 1
24786 26060 1
1230 26103 1
27701 27702 1
46 1237 1
7 965 1
18 27669 1
2582 20437 1
1242 4039 1
1235 20436 1
26075 26251 1
15 1962 1
20466 26064 1
2331 23230 1
39 25637 1
9 2365 1
20437 24643 1
25916 26060 1
1965 2360 1
1950 2366 1
25 27673 1
1231 1238 1
1232 26103 1
46 25547 1
25713 26060 1
18 26075 1
24786 25713 1
39 2414 1
25913 26078 1
1835 27736 1
18812 27724 1
2304 2390 1
1236 26073 1
26068 26078 1
26078 27707 1
26061 26252 1
26069 27607 1
1241 1962 1
32 2390 1
23189 25602 1
27694 27713 1
25 26073 1
1835 2361 1
1835 1950 1
234 2354 1
234 20465 1
1237 2304 1
2331 20436 1
39 2337 1
1941 20465 1
1988 2356 1
1242 1988 1
20465 25202 1
26076 26123 1
39 25766 1
26060 27720 1
46 25913 1
20437 27700 1
25608 26251 1
1239 2360 1
1840 2670 1
1242 2304 1
2304 25202 1
26103 27707 1
20437 25766 1
39 1239 1
2304 24643 1
1937 2304 1
27698 27700 1
2668 2675 1
25913 26075 1
25547 26092 1
2334 23189 1
1228 26078 1
26076 26089 1
26068 26071 1
15 2366 1
7 1935 1
1967 2335 1
21722 26078 1
15 26103 1
1237 27716 1
1231 2360 1
27679 27681 1
1962 25202 1
1040 25766 1
1988 26252 1
20465 25913 1
26129 27716 1
39 24643 1
23189 27697 1
25202 27720 1
1232 1988 1
1237 2335 1
1988 26092 1
46 27675 1
1242 20466 1
1243 1962 1
1962 2414 1
1835 26120 1
26092 26103 1
24786 25205 1
26068 26252 1
2337 26069 1
25 26092 1
1243 27697 1
7 25881 1
23231 26078 1
1230 1233 1
1247 26060 1
1235 18812 1
1935 18812 1
26102 27607 1
7 2387 1
26061 26103 1
15 2360 1
9 964 1
39 27688 1
1962 25916 1
2582 25916 1
1232 1239 1
1962 4039 1
1950 26060 1
23230 27607 1
27694 27696 1
46 1239 1
53 1937 1
2034 20437 1
1962 2334 1
965 26102 1
2390 23356 1
20465 27711 1
20466 26063 1
53 1243 1
964 2304 1
2582 20433 1
26089 26129 1
9 4039 1
32 25916 1
1230 2360 1
14 27684 1
25 4039 1
1935 20433 1
39 1935 1
20465 23189 1
23230 25916 1
2356 23230 1
2335 27694 1
26066 27607 1
2337 26102 1
20466 27124 1
20437 27688 1
25913 26060 1
26075 26089 1
1247 20465 1
2335 2356 1
4039 26103 1
14 2304 1
23189 23230 1
1835 2334 1
2366 25608 1
13 1937 1
23230 24643 1
4039 27668 1
1941 26078 1
1835 2034 1
9 24789 1
2335 2387 1
20465 24786 1
2366 26092 1
21722 25547 1
2403 25547 1
2387 2404 1
25547 26089 1
24786 25611 1
20465 23356 1
7 2080 1
1835 27661 1
39 1232 1
1238 20465 1
26091 26102 1
26102 27724 1
26078 27712 1
1243 26060 1
1962 26073 1
25547 26073 1
27701 27707 1
23192 25766 1
4039 20465 1
13 26076 1
20433 26089 1
26076 26120 1
25 53 1
20436 27716 1
1235 1239 1
27712 27714 1
53 2390 1
1835 26064 1
26075 26091 1
26078 27711 1
46 27124 1
1962 20443 1
2365 20433 1
965 20465 1
1236 20436 1
879 1835 1
7 2354 1
965 20437 1
26062 26064 1
1243 20465 1
2624 18812 1
1919 27714 1
7 27734 1
234 1241 1
2304 2624 1
26068 26069 1
26060 27749 1
20465 27607 1
46 1935 1
27707 27735 1
20437 25211 1
2337 26060 1
1234 1835 1
2337 26103 1
26060 27735 1
1230 1234 1
1246 26092 1
25 23189 1
2366 2390 1
2414 20466 1
21722 27697 1
25 2417 1
26061 26102 1
39 26089 1
39 1244 1
2337 20466 1
4039 21722 1
1238 26078 1
39 53 1
2366 27694 1
53 26076 1
46 27735 1
20433 25928 1
27716 27720 1
1238 25547 1
4039 27707 1
2365 2366 1
1242 26076 1
20436 27712 1
2335 25928 1
2582 26060 1
18 1937 1
1935 2304 1
26062 26067 1
2356 2390 1
1239 21722 1
1962 27698 1
1230 2366 1
20465 25637 1
25608 25766 1
23230 26061 1
964 25611 1
1229 20465 1
2034 27124 1
9 2624 1
1241 20433 1
1238 1965 1
1234 1239 1
2366 2404 1
1937 20436 1
18812 26069 1
1937 27714 1
53 25916 1
1835 26071 1
4039 27714 1
39 1233 1
2335 26065 1
1232 20466 1
1231 26067 1
1962 27673 1
27695 27700 1
25913 27713 1
2360 27724 1
1241 26129 1
20466 25713 1
20437 27697 1
9 26252 1
234 2791 1
964 1835 1
964 965 1
2331 2360 1
1231 1835 1
2335 26069 1
60 4039 1
9 1002 1
1937 1962 1
15 18 1
1962 25611 1
1238 1835 1
60 21722 1
234 23230 1
1962 25913 1
1962 26120 1
25611 25637 1
18 1247 1
965 20436 1
1962 25881 1
20437 26069 1
2361 2366 1
1243 20433 1
26067 26074 1
1232 1962 1
2387 26076 1
2414 26103 1
1250 2304 1
1249 1835 1
39 1840 1
32 1239 1
39 27720 1
1234 20466 1
23231 26103 1
1709 25547 1
2335 20443 1
2360 2403 1
1835 1840 1
26066 26067 1
234 18812 1
25 26061 1
2034 20465 1
26103 26252 1
1962 25928 1
1950 2335 1
1230 18812 1
69 20466 1
20433 26069 1
2360 26067 1
1835 27709 1
15 2335 1
26069 26076 1
13 25 1
1236 20465 1
20465 27716 1
1230 26102 1
1243 27700 1
27675 27677 1
2034 2675 1
1231 1233 1
7 1233 1
20436 26075 1
13 2304 1
60 1238 1
69 2334 1
2360 27711 1
26065 26066 1
1988 26067 1
1962 26075 1
53 25766 1
2335 2423 1
18 25713 1
18812 26089 1
1937 26252 1
39 26067 1
234 1835 1
21722 27713 1
26065 26252 1
1230 27124 1
27713 27724 1
20466 24643 1
9 1937 1
13 20436 1
27702 27714 1
1237 26075 1
26063 26120 1
20466 26069 1
53 2582 1
7 26252 1
18812 25713 1
23189 26103 1
9 1233 1
32 24786 1
1234 1236 1
2334 2403 1
1232 1236 1
14 26073 1
1941 23230 1
9 1241 1
1244 2360 1
26065 26074 1
32 46 1
27695 27711 1
1244 26103 1
18 60 1
2304 25881 1
1988 25205 1
2366 2387 1
2337 18812 1
53 27694 1
20436 27713 1
2335 26129 1
234 26074 1
234 20466 1
27720 27724 1
2304 25637 1
2360 26089 1
1236 26078 1
15 27668 1
1965 20436 1
27707 27732 1
20433 27735 1
1231 2335 1
26078 27724 1
1232 26060 1
18812 27124 1
2304 25713 1
1230 1236 1
20466 25928 1
1236 2366 1
25 1230 1
1962 24643 1
27707 27736 1
2390 26102 1
1231 23230 1
1239 1835 1
66 20466 1
20433 25608 1
1835 2365 1
964 26091 1
9 24643 1
9 27716 1
9 2356 1
15 1937 1
20433 24643 1
1241 18812 1
1988 23189 1
46 27695 1
24643 26129 1
25202 27714 1
18 27711 1
26067 26078 1
27695 27699 1
2335 23192 1
23230 26251 1
18 24643 1
2304 26092 1
1988 2248 1
7 2248 1
39 66 1
234 20437 1
13 60 1
27699 27707 1
965 25611 1
1962 27668 1
2337 20433 1
53 60 1
25205 25713 1
2417 26076 1
15 20436 1
2360 27712 1
1988 20443 1
13 18 1
18812 23189 1
26089 27668 1
25 1246 1
26102 27124 1
26123 26251 1
27700 27713 1
1988 26061 1
25 1234 1
25202 27124 1
53 27668 1
2361 20437 1
26102 27707 1
1236 1988 1
2366 26251 1
2360 26074 1
1249 2335 1
1937 25547 1
27714 27716 1
23231 26063 1
39 1002 1
25913 26073 1
2387 20465 1
20436 27720 1
27672 27673 1
4039 26102 1
26066 26078 1
1231 1232 1
1988 25928 1
2335 27720 1
2403 26076 1
900 2304 1
7 26251 1
53 27696 1
1239 25547 1
20436 25713 1
1228 2366 1
2360 23189 1
46 2668 1
25713 25881 1
1246 2337 1
1232 2360 1
25602 27713 1
26074 27607 1
2034 26103 1
20436 24643 1
23230 27734 1
1237 20465 1
18 2403 1
2668 2791 1
25713 26074 1
2390 2404 1
2366 4039 1
1937 2335 1
1937 27712 1
20433 27732 1
2080 2668 1
27724 27735 1
1835 25928 1
14 1247 1
1988 27694 1
39 2404 1
25211 27713 1
23230 26252 1
23189 27714 1
4039 20466 1
14 27712 1
26252 27607 1
9 26069 1
2334 4039 1
53 2337 1
1243 20466 1
26078 26251 1
7 27736 1
900 1835 1
27707 27716 1
18 1941 1
2366 27672 1
18 26120 1
25 26074 1
1235 21722 1
46 27716 1
1835 24643 1
26067 26252 1
25202 26078 1
1230 20466 1
7 1967 1
20433 24789 1
26103 26120 1
26062 26251 1
18 27716 1
1235 26102 1
26089 27607 1
39 2361 1
2403 20433 1
23192 25611 1
23230 26069 1
13 2414 1
1988 26123 1
26060 27724 1
1962 27720 1
7 26068 1
1040 26102 1
234 4039 1
13 25916 1
9 27707 1
7 2034 1
964 26120 1
1840 1965 1
26074 26102 1
9 1250 1
26102 27720 1
1233 27713 1
53 27724 1
1935 20436 1
26129 27668 1
1232 18812 1
46 25713 1
39 2365 1
7 25637 1
2334 2404 1
1246 18812 1
1988 26069 1
18 1239 1
25202 25205 1
26103 27668 1
46 27607 1
1241 1835 1
18 23231 1
1231 26078 1
2404 23230 1
20465 27736 1
1988 25202 1
21722 25916 1
2304 27712 1
20433 26123 1
69 26066 1
2360 26063 1
1242 26103 1
25913 27716 1
964 1988 1
2668 2670 1
1236 26129 1
20466 27709 1
2304 2582 1
2360 26252 1
1962 27734 1
1230 20436 1
14 26069 1
53 1231 1
20436 27669 1
53 2334 1
9 27697 1
26102 26252 1
1241 2335 1
2289 2360 1
20437 26063 1
2335 4039 1
2356 24786 1
9 2675 1
2331 25913 1
39 1236 1
9 2403 1
1002 2335 1
1941 26102 1
900 2034 1
1244 1962 1
1232 20465 1
2334 25202 1
23231 27124 1
2360 25766 1
1230 26060 1
1835 26061 1
26074 27694 1
53 18812 1
23230 26081 1
69 20437 1
965 20433 1
1988 2329 1
2304 27698 1
1962 2331 1
2331 26060 1
15 26102 1
1962 25766 1
1233 1234 1
18812 24786 1
27697 27714 1
7 27672 1
1835 2404 1
9 25713 1
39 1243 1
20437 26061 1
69 2335 1
26064 26068 1
1233 20466 1
27699 27714 1
2334 26251 1
46 1709 1
879 23230 1
2289 26129 1
2414 26102 1
2304 27694 1
2675 27672 1
9 26081 1
1840 27125 1
1962 27735 1
7 26123 1
1835 1935 1
1236 20466 1
25 2334 1
7 1229 1
20466 25913 1
46 27697 1
9 2337 1
14 26060 1
32 1937 1
26092 27714 1
1236 26067 1
1919 1988 1
26067 26073 1
18812 27673 1
14 23231 1
46 1235 1
26103 27124 1
7 2365 1
27677 27681 1
26102 27711 1
2582 20466 1
1243 2335 1
1950 20437 1
1237 20436 1
25202 25611 1
15 26078 1
25 25547 1
2403 18812 1
1242 20433 1
1941 20433 1
2414 27668 1
20437 25202 1
2360 26091 1
60 26076 1
26067 26076 1
1988 27684 1
39 24786 1
2582 18812 1
23189 24786 1
1965 2624 1
1835 25637 1
1937 26102 1
234 27679 1
20433 27607 1
26069 26078 1
2337 25913 1
965 1835 1
1237 20466 1
26129 27714 1
1246 26102 1
2365 20437 1
27124 27668 1
2366 26065 1
1234 26078 1
2337 25916 1
1233 20436 1
1937 25713 1
2335 26062 1
20436 26120 1
1835 26068 1
23230 27735 1
1233 1835 1
2390 26060 1
9 27734 1
23189 25713 1
2329 2335 1
1232 27720 1
1242 2360 1
1935 20437 1
1962 2582 1
20437 27699 1
2034 26078 1
9 1234 1
1244 2582 1
2365 20436 1
20433 26251 1
2366 23189 1
32 23231 1
2304 2387 1
21722 25766 1
2404 20433 1
26061 26064 1
900 1988 1
32 1236 1
20433 26074 1
25916 26102 1
