1980 1988 4
1835 20433 3
2360 20436 3
1980 26096 3
7 1980 3
7 20436 2
1980 2360 2
1835 20436 2
1835 23230 2
1980 26060 2
7 26060 2
20433 23230 2
1980 20436 2
2304 23230 2
1980 23230 2
26049 26096 1
1988 26049 1
2304 2335 1
23230 26049 1
21 26610 1
21 1835 1
21722 26078 1
7 26096 1
7 23230 1
1970 20433 1
2365 23230 1
4038 23230 1
1835 1980 1
2335 2366 1
1988 23230 1
21722 26049 1
1980 2365 1
23230 26096 1
1980 21722 1
1835 26610 1
7 26078 1
7 26049 1
21722 23230 1
1835 2366 1
1988 2335 1
1970 1980 1
2335 20437 1
2335 20436 1
1980 2304 1
2304 2360 1
2335 23230 1
1980 26049 1
1988 2304 1
1835 2335 1
7 2335 1
