2304 2366 785
2366 20437 677
7 23230 588
7 1962 560
7 2304 485
7 20437 428
7 26060 415
1835 2366 403
7 20433 402
7 1988 391
1835 2360 381
7 1835 368
2335 20437 336
2360 20436 334
2360 20437 320
2304 20437 314
9 23230 302
2304 2360 300
7 2335 297
2304 20436 286
7 2360 283
7 20465 280
2304 20433 267
1988 26060 264
1962 23230 261
7 2366 261
9 1988 256
2366 20436 256
1835 1988 252
2304 23230 245
7 26102 237
2335 2360 235
20433 20436 230
7 20436 227
2304 2335 225
1988 23230 225
9 1962 212
7 18 212
7 20466 211
2360 2366 208
2335 26066 205
23230 26060 202
1835 20437 202
9 20437 199
1835 25344 199
9 2304 199
1835 23230 195
20433 23230 194
1962 26102 190
1835 2335 186
39 23230 181
9 2335 177
1835 20433 174
9 20433 174
9 39 173
1962 1988 173
20465 20466 167
7 25344 166
20437 26103 166
1962 20433 165
9 26060 162
1962 2304 160
2304 26060 156
2335 2366 155
1988 20433 155
2335 20433 155
9 20465 155
20437 23230 153
39 1988 150
2304 20465 149
2366 20433 149
20437 26060 147
2360 25344 147
1962 26060 145
32 1988 144
1835 26060 144
2360 20465 143
7 26103 143
1835 2304 142
1988 20437 142
20433 26060 140
1835 20436 136
39 2304 133
39 1962 132
2335 20436 132
9 26102 130
23230 26102 130
20433 26066 130
1988 26102 129
7 25 129
2360 20433 128
7 26078 127
20465 23230 127
20466 23230 127
1962 2360 127
20436 23230 125
39 20433 124
39 20465 124
1835 1962 124
1962 20437 123
1962 2335 122
20436 20437 121
20436 20465 120
9 2366 120
9 20466 120
7 60 117
2360 23230 116
9 20436 115
9 1835 115
2335 26060 114
2366 26060 111
20465 26060 110
20433 20465 109
39 20436 109
1962 20466 109
39 20437 106
1988 20465 106
1988 2335 106
39 26060 104
20433 20437 104
2335 23230 103
2366 23230 103
1988 2366 102
7 27714 99
2304 26066 97
1962 20436 96
7 32 96
2360 26060 93
20437 26102 92
20433 26102 90
1835 20465 90
1988 20436 89
1988 20466 89
1988 2360 88
9 2360 86
39 2366 85
1988 2304 84
2304 26102 84
18 1988 84
7 26066 83
20436 26060 82
1962 20465 82
7 26062 79
39 20466 79
39 26102 78
18 23230 78
1962 2366 78
1988 26078 77
1988 25344 77
20433 20466 75
2304 20466 75
20437 26066 74
2304 26103 73
2360 26102 73
20433 25344 73
39 2360 73
1962 25344 73
20437 20466 72
7 46 72
26060 26102 72
2335 20465 71
2366 20465 71
39 2335 70
25344 26060 70
1835 20466 69
1962 26066 69
2360 26103 67
7 9 67
23230 26103 67
23230 25344 66
7 53 66
1835 26102 64
18 2304 64
60 1988 63
2366 26102 62
39 1835 62
1835 26103 62
18 20433 61
7 39 61
23230 26078 60
18 1962 60
2335 20466 59
9 26103 59
2360 20466 58
2335 26102 58
9 26078 57
1962 26103 57
7 21722 57
20436 26102 56
26060 26103 56
1962 26078 54
20437 20465 54
20466 26060 52
20465 26102 51
18 26060 51
2335 26062 50
234 1798 49
20437 27714 48
2366 20466 47
39 26103 47
25 23230 47
20436 20466 47
32 1962 46
39 26066 46
1835 26078 44
2304 26078 43
25 20433 42
1835 27695 42
53 1988 42
26060 26078 42
18 20465 42
32 23230 41
2366 27714 41
60 1962 41
60 26060 40
20433 26078 40
2304 27714 40
20433 26103 39
60 23230 39
20466 26102 38
18 20466 38
1835 21722 38
18 26102 38
2304 2417 37
32 25344 37
2360 26078 37
2335 25344 37
2304 25344 37
39 26078 36
60 20433 36
25 20465 36
2334 20433 36
20465 26066 35
18 20437 35
46 23230 35
25 2304 35
32 2335 35
39 25344 35
18 1835 34
32 20466 34
26066 26103 34
1835 26066 34
60 2304 33
60 20465 33
25 26060 33
1988 26103 32
26102 26103 32
21722 23230 32
32 26102 32
25 1988 31
20437 26078 31
32 1835 31
25 1962 31
9 60 30
2337 2366 30
25 1835 30
18 2360 30
20466 25344 30
25344 26102 30
7 26129 30
9 46 30
32 20433 29
20436 26066 29
27711 27722 28
32 2360 28
20436 26078 28
20437 25344 28
2335 26078 27
20465 25344 27
39 46 27
7 27124 27
7 27668 26
9 21722 26
7 26075 26
2366 26078 26
1835 27714 25
18 20436 25
25 20437 25
23230 27714 25
46 1962 24
29 1798 24
46 20433 24
9 25344 24
60 20466 23
4039 26066 23
32 39 23
20466 26066 23
18 26078 23
18 39 23
20437 27668 23
2334 20436 22
20466 26103 22
1988 21722 22
32 20465 22
53 1962 22
20466 26078 22
46 1988 22
18 2335 21
25 2335 21
26078 26102 21
60 2335 21
20465 26078 21
25 20466 21
25 2366 21
1988 27714 21
2337 2360 21
9 27668 21
27712 27713 20
1798 27668 20
46 20465 20
20433 26062 20
25 2360 20
46 26060 20
2304 27668 20
1962 21722 19
53 26060 19
27720 27722 19
32 2304 19
46 2304 19
60 26102 19
32 20437 19
7 27722 19
18 2366 18
1988 26073 18
25 26102 18
9 27714 18
2335 27695 18
32 26078 18
2366 25344 18
7 25913 18
25344 26078 18
20436 25344 18
20465 26103 17
46 20436 17
4039 27714 17
20433 27668 17
46 26066 17
1988 4039 17
7 4039 17
7 26069 17
60 2360 17
60 1835 17
2335 25913 17
2335 27714 17
23230 26073 17
18 26103 17
20437 27726 17
2337 20437 16
20437 21722 16
46 1835 16
60 20437 16
2304 26129 16
46 20437 16
2335 26103 16
46 26103 16
7 27713 15
7 26076 15
20436 21722 15
7 2337 15
53 1835 15
1962 4039 15
20433 26129 15
21722 26060 15
32 26060 14
25 26078 14
46 26102 14
2304 21722 14
53 2304 14
2304 25913 14
9 26066 14
26073 26074 14
26060 26073 14
21722 26102 14
39 27721 14
26078 26103 14
2335 26073 14
18 25344 14
53 26102 14
25 20436 14
26075 26076 14
53 20465 14
32 2366 13
9 2334 13
32 20436 13
9 27711 13
39 27668 13
9 4039 13
20433 20443 13
46 20466 13
1798 1835 13
7 23231 13
26060 27714 13
1835 26062 13
1988 26129 13
39 26075 13
25344 27714 12
20466 27124 12
20466 27668 12
2304 2334 12
53 20466 12
2304 26123 12
9 32 12
27720 27724 12
20465 27726 12
26078 27668 12
25 25344 12
2335 2417 12
7 1230 12
2366 2417 12
9 25 12
2335 27668 12
20437 27713 12
1798 27721 12
20436 26062 12
7 1237 12
7 26073 12
1962 25913 12
1962 27124 12
4039 23230 12
20465 27711 12
53 23230 11
1962 27711 11
26102 27668 11
7 25637 11
26120 26251 11
2417 20436 11
20466 21722 11
1237 2304 11
1962 26073 11
23230 27702 11
7 1235 11
2366 26129 11
25 39 11
26073 26076 11
20437 26062 11
26075 27722 11
4039 27695 11
7 1937 11
2331 2335 11
39 21722 11
2335 21722 11
1962 27668 11
25344 26103 11
32 26103 10
60 25344 10
2304 2414 10
27697 27699 10
23230 27668 10
2304 27711 10
1962 27714 10
1962 26129 10
25344 26073 10
7 27712 10
53 20433 10
60 27714 10
60 20436 10
7 26120 10
20433 27607 10
21722 26078 10
2337 20436 10
1798 20433 10
26075 27711 10
2334 26060 10
18 27124 10
1835 2334 9
7 27720 9
20433 26073 9
7 20443 9
25344 26075 9
1231 1235 9
4039 26060 9
2335 25547 9
27711 27720 9
46 2360 9
1235 1239 9
1835 27702 9
20433 21722 9
26060 27711 9
1988 27713 9
2414 26066 9
20437 26129 9
21722 25344 9
60 2366 9
20436 27668 9
2366 27124 9
23230 26069 9
53 2335 9
9 18 9
25344 27726 9
2360 21722 9
1988 23231 9
2335 27726 8
2304 26069 8
20433 27714 8
7 25881 8
20433 27711 8
27712 27714 8
1937 1988 8
46 26078 8
23230 27713 8
7 25547 8
7 1241 8
1962 2337 8
25 26073 8
4039 20437 8
25 26103 8
27694 27726 8
1236 1239 8
25344 27731 8
25 27714 8
20437 25202 8
7 2417 8
7 29 8
1798 2361 8
25344 27694 8
4039 27702 8
23230 25913 8
1835 27668 8
60 26103 8
9 26073 8
9 25913 8
20436 27711 8
23230 25547 8
2366 21722 8
39 60 7
9 1237 7
18 27668 7
27695 27696 7
27695 27698 7
27696 27701 7
2304 26075 7
1835 27713 7
1798 2675 7
2304 25547 7
39 26073 7
1988 27711 7
2366 27711 7
1988 25547 7
26074 26075 7
1988 27668 7
1962 27713 7
7 24786 7
9 26129 7
2360 27713 7
23230 26129 7
4039 20433 7
26073 26102 7
7 27711 7
9 53 7
2304 26076 7
9 23231 7
7 23189 7
20465 27668 7
20437 27722 7
1988 24643 7
60 4039 7
1835 27711 7
7 27724 7
39 23189 7
20433 27124 7
1835 4039 7
1237 1962 7
26060 26069 7
2366 27713 7
1835 1937 7
1798 26103 7
20466 26069 7
2335 2337 7
20465 27714 7
1835 26129 7
53 20436 7
1962 26075 7
26060 26129 7
1247 1988 7
7 1242 6
27713 27714 6
20466 26129 6
20466 27714 6
20433 23231 6
1246 1835 6
20465 26073 6
60 21722 6
20465 26062 6
27707 27714 6
2337 2417 6
60 27668 6
24643 27713 6
7 25608 6
2417 20465 6
1798 27713 6
18 60 6
2334 20465 6
7 26251 6
7 27726 6
1962 2334 6
1236 23230 6
1988 26076 6
39 2334 6
39 53 6
27711 27714 6
2417 20437 6
26060 27607 6
1798 2360 6
1835 26073 6
9 26075 6
24786 26060 6
25344 27695 6
1988 27722 6
26102 26129 6
2335 27607 6
2417 26103 6
24643 27711 6
2360 27668 6
46 25344 6
23230 27124 6
1835 26076 6
25344 27711 6
1988 25202 6
1988 26069 6
46 26073 6
9 26076 6
2360 25547 6
20465 26075 6
27 26060 6
26060 27716 6
23231 26060 6
1235 1236 6
1937 20437 6
20465 25202 6
21722 27714 6
1798 26075 6
9 2337 6
1230 1233 6
46 27668 6
2335 26129 6
1798 2354 6
20436 26129 6
2335 27124 6
18 21722 6
25344 27713 6
9 26120 6
7 2414 6
234 2361 6
7 1246 5
2335 23189 5
2337 23230 5
1230 26060 5
9 2414 5
1962 27712 5
20465 21722 5
2360 25202 5
20437 27724 5
27714 27736 5
26060 27124 5
1937 23230 5
2335 2414 5
26078 27124 5
9 1239 5
7 25611 5
9 25608 5
2335 4039 5
1988 2417 5
2304 26073 5
1232 1238 5
46 21722 5
27714 27735 5
1237 2335 5
234 2675 5
1988 27124 5
1237 26060 5
26060 26252 5
1835 2414 5
9 26069 5
27722 27724 5
1230 1234 5
1937 20465 5
18 26129 5
2414 20465 5
27712 27724 5
53 20437 5
2331 2417 5
26103 27714 5
26120 27607 5
7 24643 5
18 2414 5
24643 26060 5
2331 2414 5
20465 27713 5
1962 26069 5
26078 27714 5
1835 2417 5
7 1234 5
7 234 5
53 2360 5
20465 26129 5
20436 27124 5
2360 2417 5
1239 1988 5
1962 2417 5
1988 27720 5
20436 27714 5
2304 25202 5
53 21722 5
1988 27702 5
2304 27713 5
2360 27714 5
27711 27724 5
1237 1988 5
39 1234 5
2334 20437 5
234 2354 5
2403 26060 5
2360 4039 5
2304 25611 5
1962 25547 5
39 24786 5
9 1246 5
27694 27724 5
20466 25547 5
1935 2366 5
1237 23230 5
2360 27711 5
46 2335 4
25344 26062 4
2414 23230 4
234 2360 4
1230 27711 4
27714 27716 4
7 2331 4
2337 20465 4
20437 27707 4
20433 26075 4
1230 1238 4
25 26075 4
7 1798 4
20437 27720 4
1241 1988 4
7 26252 4
1239 2304 4
1835 25202 4
2304 2403 4
7 25202 4
4039 26102 4
25 60 4
234 1988 4
26061 26063 4
2360 26073 4
1988 26123 4
1237 20465 4
2304 25205 4
1798 27124 4
2337 20433 4
1232 20465 4
1235 1238 4
2360 2414 4
23230 27731 4
20437 23189 4
2366 4039 4
53 26103 4
25 46 4
23230 27712 4
1988 27712 4
2304 27124 4
32 27714 4
9 1235 4
27698 27702 4
1231 1988 4
53 27721 4
26060 27668 4
53 25344 4
53 26078 4
26060 26074 4
25 53 4
2366 26103 4
26076 27714 4
20466 27711 4
20437 20443 4
1988 25881 4
2335 24643 4
23230 24643 4
20466 26073 4
7 25916 4
46 2366 4
20433 25547 4
25202 26060 4
1230 25344 4
26069 26102 4
9 1242 4
4039 20465 4
39 26129 4
27699 27707 4
39 4039 4
20436 27726 4
2304 27607 4
32 26073 4
1230 20433 4
1937 1962 4
32 26066 4
4039 20466 4
7 1239 4
4039 27711 4
24643 27721 4
20437 26073 4
9 1241 4
26069 27607 4
53 2366 4
27 2335 4
20433 24643 4
1234 26060 4
1241 20436 4
25 27711 4
20437 26123 4
20436 27720 4
1247 1835 4
1242 1962 4
27695 27701 4
9 1230 4
25 25547 4
234 27721 4
1835 26074 4
20465 27712 4
20433 26069 4
18 46 4
2304 4039 4
1835 2337 4
26073 26120 4
1230 23230 4
1236 1988 4
20465 26069 4
26102 27124 4
7 23192 4
39 27714 4
27 1962 4
26103 27694 4
1237 21722 4
2304 27716 4
29 25344 4
26076 26251 4
32 27711 4
2360 26129 4
7 1231 4
21722 27713 4
299 27737 4
26078 27694 3
20466 26076 3
23192 26060 3
18 26073 3
1840 2781 3
20437 25547 3
27694 27713 3
1988 2334 3
20436 26073 3
27 20465 3
27735 27736 3
2331 2366 3
1237 20466 3
2331 23230 3
20466 26074 3
7 1935 3
1235 1835 3
1231 1239 3
26123 27711 3
20433 26120 3
25547 26073 3
25 4039 3
2366 25547 3
2337 26060 3
32 21722 3
18 27711 3
4039 26078 3
39 27720 3
1962 25202 3
1231 23230 3
1835 27724 3
2304 25916 3
9 1232 3
39 25547 3
1835 26251 3
26069 27711 3
1962 27724 3
53 4039 3
2414 26129 3
39 23231 3
1835 26075 3
1962 23231 3
25547 26060 3
1835 25547 3
2417 23230 3
1798 23230 3
26060 26075 3
23189 23192 3
1246 25344 3
23230 23231 3
23192 27124 3
1239 26075 3
1235 2335 3
2304 23231 3
1232 1962 3
26103 27713 3
1231 1238 3
20436 25547 3
2304 27722 3
234 27668 3
2366 23231 3
9 1937 3
26075 27724 3
2414 27711 3
25 32 3
26076 26102 3
1241 20437 3
32 25547 3
2360 26074 3
18 26074 3
2335 25611 3
20443 20466 3
2304 27712 3
1241 2360 3
1247 20466 3
2335 23192 3
2334 23230 3
1935 27668 3
25547 26103 3
20433 25913 3
1236 20466 3
7 25713 3
39 1231 3
1250 1988 3
20436 26069 3
46 25913 3
26069 26103 3
2304 2390 3
2361 20433 3
18 25 3
2335 25202 3
20443 26060 3
299 1002 3
23230 27724 3
2675 27124 3
26069 26078 3
29 234 3
2360 26066 3
1237 1835 3
2334 26103 3
20465 25547 3
18 26069 3
18 23231 3
2337 2414 3
26073 26252 3
2334 2360 3
1242 23230 3
20465 24643 3
39 1237 3
20465 25637 3
1241 2335 3
23230 25611 3
20433 26252 3
1247 20436 3
2414 26060 3
2414 26102 3
26060 26076 3
7 27 3
1962 24786 3
1231 20436 3
1246 1962 3
7 1236 3
2335 26252 3
1835 23231 3
1988 26062 3
234 2781 3
20436 27607 3
2366 27722 3
27697 27702 3
1238 23230 3
26075 26102 3
1988 2337 3
2360 27124 3
2366 25913 3
2366 27726 3
1231 2335 3
20465 27722 3
2366 26075 3
20465 27698 3
1230 26075 3
1988 27716 3
2337 26102 3
20465 25913 3
23231 26102 3
1242 20465 3
26092 26252 3
1233 1988 3
20436 25913 3
2360 27707 3
2304 26074 3
39 25913 3
26103 27668 3
26060 26092 3
2331 20437 3
25913 26066 3
1840 27668 3
2331 2337 3
27713 27716 3
26074 26076 3
25344 25913 3
4039 20436 3
1231 1236 3
1988 26074 3
234 1840 3
20433 26076 3
234 20466 3
2360 23231 3
1709 2304 3
25 25608 3
2304 27707 3
27 23230 3
1962 26076 3
25 26069 3
26123 27607 3
7 1233 3
9 25916 3
60 26078 3
1230 2304 3
25913 26060 3
1988 26092 3
26102 27714 3
1242 1835 3
7 2334 3
1230 1239 3
1988 26075 3
2390 20433 3
25344 25547 3
2331 2360 3
1830 1942 3
7 27707 3
53 25547 3
9 1247 3
39 25202 3
1798 2329 3
1835 25913 3
1241 2304 3
1232 2304 3
25344 26076 3
1835 27694 3
7 1247 3
1835 1840 3
1237 20437 3
1237 27668 3
1962 26120 3
1234 20437 3
1798 26060 3
7 1228 3
9 1236 3
1988 27695 2
1234 1236 2
23230 25202 2
25 2414 2
2334 25344 2
1231 25344 2
7 26074 2
1935 1988 2
1941 1988 2
27711 27713 2
2360 27726 2
2354 2360 2
2335 27713 2
20433 27720 2
1835 24643 2
2624 27125 2
27711 27712 2
1236 2304 2
26066 26252 2
1230 2360 2
1231 26102 2
1237 26102 2
53 26076 2
9 24643 2
1835 1967 2
2304 27697 2
26078 26252 2
25344 26129 2
1247 21722 2
1962 24643 2
1232 1234 2
7 27716 2
1962 25608 2
1238 20466 2
1247 20437 2
7 1238 2
9 2390 2
2304 27694 2
1962 26092 2
1249 2366 2
2414 27714 2
26060 27713 2
26129 27694 2
4039 26103 2
18 2337 2
53 1241 2
28 26066 2
1235 20465 2
26129 27714 2
25202 25611 2
26078 27722 2
9 20443 2
1840 2668 2
1230 20466 2
46 26129 2
1235 26061 2
27 20437 2
32 1239 2
18 27713 2
53 27714 2
1962 23189 2
2304 26120 2
23189 25202 2
27 2414 2
1835 26069 2
26078 27713 2
1950 2335 2
2360 26075 2
20437 27735 2
39 25881 2
2304 2331 2
7 1950 2
2414 20466 2
27 46 2
27 27721 2
32 4039 2
60 25913 2
1962 27731 2
286 962 2
46 25637 2
25608 25611 2
1835 20443 2
25540 27714 2
1962 27694 2
25344 27709 2
60 27731 2
23230 27708 2
26251 26252 2
1230 1231 2
25637 25766 2
20436 26103 2
1988 25913 2
1230 2366 2
2360 25916 2
1988 2414 2
7 27694 2
39 2414 2
2366 2403 2
1950 2360 2
7 2361 2
26063 26066 2
27694 27714 2
20437 27711 2
1230 1988 2
18 4039 2
1937 2335 2
1835 26065 2
1236 27714 2
1236 20465 2
2414 2417 2
20437 26120 2
24643 25344 2
1234 2360 2
27695 27697 2
1962 27607 2
1988 23189 2
23230 26076 2
2335 25881 2
1231 2304 2
4023 20465 2
25 1798 2
1233 1234 2
26102 27707 2
1232 1988 2
1239 26073 2
1835 27124 2
23230 26120 2
26073 27712 2
20465 26120 2
1250 23230 2
25 23189 2
1798 2366 2
2365 2366 2
1242 20433 2
26060 27707 2
27 26075 2
26060 26251 2
2366 25916 2
1937 20436 2
1233 1962 2
1244 26129 2
1250 20465 2
7 25766 2
9 25202 2
20466 26075 2
1900 27672 2
1234 1988 2
26078 27711 2
20437 26075 2
2360 26065 2
2334 2366 2
26089 26102 2
23230 24786 2
25344 26123 2
25344 26074 2
2360 26069 2
60 1241 2
20436 25611 2
1247 1962 2
234 26060 2
27708 27709 2
2304 24786 2
25344 26069 2
9 26074 2
32 60 2
1835 2390 2
25 27707 2
1942 1988 2
25202 26078 2
2670 27672 2
2034 2360 2
7 27735 2
1231 20433 2
25202 25344 2
39 27711 2
32 26129 2
25611 25637 2
1246 1988 2
26078 27707 2
27714 27724 2
23230 27707 2
20466 25766 2
26252 27711 2
2417 25344 2
60 2334 2
1246 25913 2
1835 25205 2
39 1239 2
20437 26076 2
46 26252 2
4039 25344 2
1234 1238 2
1798 4039 2
27697 27711 2
1247 2304 2
20437 27124 2
1962 27720 2
21722 26069 2
1230 1236 2
20465 26076 2
26060 27724 2
1835 2670 2
20465 26074 2
25637 25713 2
26074 27607 2
234 2414 2
46 1935 2
20433 23189 2
900 2034 2
1798 20437 2
27 1835 2
1835 25786 2
1835 27722 2
2360 26123 2
26078 27716 2
26074 26123 2
1234 2366 2
2360 26076 2
27694 27696 2
27699 27714 2
1840 23230 2
23230 27607 2
25 1238 2
26075 26078 2
1230 26061 2
18 1241 2
21722 26129 2
1238 2335 2
2337 26078 2
20436 23231 2
39 27607 2
1231 26060 2
46 4039 2
39 26069 2
1237 20433 2
4023 25344 2
2331 26060 2
25 27124 2
962 2335 2
2304 25637 2
1239 26102 2
20437 25913 2
1232 25344 2
1241 23230 2
25547 27731 2
234 4039 2
20466 26252 2
39 1241 2
26073 26089 2
1835 23192 2
26066 26092 2
1242 2335 2
2304 26089 2
26102 26120 2
26073 26103 2
7 26139 2
1988 26252 2
53 26073 2
39 1229 2
21722 27695 2
60 27694 2
965 25611 2
1235 26078 2
1233 27726 2
2329 25913 2
1234 1239 2
25881 26060 2
39 25637 2
1937 2360 2
1233 26060 2
25913 26102 2
9 2331 2
1937 25344 2
1244 26060 2
1250 20466 2
2335 2361 2
2331 20433 2
9 25547 2
26102 27695 2
2366 27720 2
27 2360 2
1230 20437 2
20465 27702 2
27701 27702 2
25 26129 2
1835 27720 2
32 2414 2
1962 27722 2
46 27124 2
7 1970 2
23230 25916 2
1244 23230 2
20436 25202 2
23230 27720 2
1247 26060 2
1235 2366 2
2334 26129 2
1234 20465 2
1988 25926 2
1249 2360 2
32 2334 2
18 53 2
25202 25881 2
28 27713 2
27 26074 2
1236 1962 2
25 27668 2
2334 26102 2
881 1835 2
1937 2366 2
26065 26075 2
23230 26075 2
1230 1235 2
18 1230 2
1239 20433 2
9 27124 2
39 1709 2
1 1835 2
2360 25913 2
1461 27711 2
1241 2366 2
26078 27726 2
1241 1835 2
20437 23231 2
20433 25611 2
1937 26102 2
60 27695 2
1247 27714 2
46 2334 2
1246 20436 2
1988 26251 2
23230 27697 2
2414 20436 2
39 1236 2
20437 27697 2
26076 27722 2
9 1233 2
2335 24786 2
234 27124 2
234 1835 2
27707 27724 2
20433 26123 2
2403 26066 2
25 25881 2
60 1237 2
9 1941 2
9 1244 2
27698 27699 2
1235 1988 2
2335 27735 2
1233 27721 2
27716 27722 2
26103 27124 2
25637 26102 2
27699 27711 2
32 27124 2
1233 23230 2
23192 25881 2
39 25916 2
2304 26251 2
4039 27668 2
20465 24786 2
20465 26063 2
1239 1962 2
25202 26074 2
1238 20437 2
1962 2414 2
2304 27724 2
1239 27714 2
26092 27711 2
25 1937 2
18 27 2
1247 2360 2
1230 26078 2
1233 1235 2
1231 20437 2
20466 27713 2
2304 25881 2
2360 27716 2
32 46 2
26073 26075 2
1235 1962 2
21722 27668 2
23189 23230 2
21722 26103 2
39 2337 2
20433 26063 2
2366 27668 2
1919 2360 2
1988 20443 2
26092 26139 2
21722 27748 1
26092 26103 1
46 2403 1
1244 20433 1
2337 26103 1
1241 25344 1
23230 27701 1
2360 23192 1
1237 20436 1
26074 27705 1
23192 26103 1
1962 20443 1
21722 24643 1
234 26073 1
20466 27724 1
23230 27711 1
26102 27724 1
18 1250 1
60 27607 1
2366 26067 1
2335 27722 1
20466 23189 1
2335 26076 1
7 2624 1
24643 26078 1
1235 26075 1
2334 26078 1
20433 27666 1
32 2417 1
24786 25205 1
1232 20433 1
1988 27708 1
20465 26065 1
23230 27381 1
1241 26092 1
23192 25637 1
27 25344 1
26102 27607 1
26061 26069 1
2354 20436 1
60 69 1
1002 25611 1
28 1230 1
2334 2387 1
1230 20465 1
46 27713 1
1235 26102 1
25344 27668 1
26102 26252 1
27695 27709 1
23189 25540 1
1234 26103 1
1962 25205 1
25 2337 1
1250 26102 1
39 1246 1
27707 27716 1
25611 25881 1
1236 26103 1
26103 27381 1
20466 27702 1
1242 20437 1
1237 25881 1
20433 27709 1
27696 27707 1
2057 20437 1
27698 27711 1
20466 26123 1
1798 2335 1
234 27125 1
20436 25881 1
900 26103 1
2331 26078 1
1988 27707 1
60 26069 1
2366 26089 1
25916 27381 1
1835 24786 1
26103 27697 1
25637 26060 1
20437 26063 1
1232 2360 1
1233 26103 1
1988 27607 1
1234 26129 1
4039 27124 1
1919 2304 1
1236 2335 1
25 1231 1
9 25713 1
1238 20433 1
2675 20433 1
60 1798 1
2063 2065 1
1239 2360 1
2335 25114 1
1234 2304 1
39 234 1
23189 25881 1
1234 26066 1
2624 26103 1
1229 20465 1
1230 1709 1
2417 27713 1
965 27714 1
18 1232 1
1830 20436 1
2365 20437 1
27 39 1
1235 23230 1
20465 26092 1
1950 20436 1
1835 2361 1
2414 26123 1
9 2034 1
27707 27735 1
1941 20466 1
26060 26120 1
2304 27671 1
1235 25344 1
23230 27694 1
46 2337 1
20433 27712 1
1239 27731 1
20433 27713 1
25547 26102 1
25344 25611 1
18 32 1
29 23230 1
20433 23192 1
20465 25881 1
1234 1235 1
1233 27607 1
25202 25766 1
25202 25637 1
25916 26102 1
1835 27698 1
25611 25766 1
2366 27735 1
2335 27707 1
20466 25202 1
2335 25766 1
2403 23230 1
2334 25547 1
1249 20433 1
20433 27724 1
18 1237 1
60 27713 1
39 26092 1
1237 26064 1
25913 26103 1
2331 25547 1
2417 20466 1
20433 26139 1
2335 27705 1
1988 27701 1
18 27707 1
1798 2668 1
9 27702 1
23189 25205 1
9 1709 1
18 2417 1
29 25547 1
2304 26065 1
2335 26089 1
2414 26078 1
1233 1238 1
2337 4039 1
20437 27672 1
1246 23230 1
1835 26071 1
23189 26102 1
1962 25637 1
60 2417 1
9 29 1
299 20466 1
32 1236 1
4038 23230 1
26069 27712 1
1988 25637 1
1937 25913 1
1247 26102 1
26102 27697 1
32 26120 1
26064 26069 1
32 234 1
1835 26120 1
69 1962 1
1228 1962 1
39 26065 1
18 27714 1
23192 25344 1
1239 27713 1
18 27672 1
20465 27720 1
1232 26076 1
1835 26063 1
7 27709 1
29 1988 1
1231 26078 1
28 2304 1
1461 20437 1
1988 25611 1
20433 26074 1
2335 2403 1
26102 27713 1
1709 1835 1
27696 27726 1
962 965 1
234 20433 1
9 2354 1
2337 25344 1
1247 26078 1
2335 26251 1
18 25202 1
1919 26060 1
46 1237 1
1232 1239 1
2387 23230 1
1235 20466 1
27696 27699 1
32 1937 1
27 32 1
1231 1234 1
1232 1235 1
1840 2360 1
2390 26078 1
1937 21722 1
7 26067 1
1835 27712 1
9 27 1
1247 23230 1
18 27607 1
2360 23189 1
2360 27702 1
1233 20437 1
1238 27668 1
46 27712 1
25713 26102 1
26063 26065 1
2057 2063 1
7 25205 1
20433 25916 1
53 1246 1
53 1237 1
1937 20466 1
39 26074 1
1238 1988 1
26092 26251 1
1835 27671 1
32 2337 1
26063 26074 1
26074 26129 1
1246 20465 1
32 53 1
2360 2403 1
2304 26061 1
1238 26102 1
1709 1962 1
286 879 1
1241 20433 1
2624 27672 1
234 1962 1
2360 27698 1
1898 26123 1
1233 20433 1
9 299 1
39 26063 1
27713 27720 1
23230 25114 1
32 1235 1
2304 27381 1
881 23189 1
1236 20436 1
1898 26060 1
2337 20466 1
27694 27722 1
286 2366 1
1 1002 1
20436 26074 1
1237 26103 1
20437 25916 1
1231 1835 1
962 26069 1
2403 20466 1
32 1798 1
4039 21722 1
20436 27672 1
881 25637 1
46 26123 1
286 26069 1
60 1937 1
39 1242 1
1988 25766 1
24643 26091 1
20433 27694 1
21722 27709 1
9 27713 1
25 22951 1
2360 26089 1
1965 27672 1
18 26120 1
26102 27716 1
1941 1962 1
25 25913 1
60 1232 1
1967 25547 1
25881 27124 1
9 27712 1
286 1835 1
53 2414 1
1235 27668 1
26066 26120 1
26061 26102 1
1962 26123 1
32 26252 1
20436 24643 1
69 20465 1
20466 25913 1
32 25202 1
9 27707 1
1238 2366 1
2304 27735 1
1941 2360 1
53 26129 1
7 26123 1
2390 26102 1
20465 27709 1
20465 23189 1
60 27711 1
60 1230 1
27707 27711 1
2366 26069 1
9 25637 1
1246 2304 1
26103 27125 1
46 26092 1
46 27722 1
60 1228 1
39 1230 1
26069 26076 1
25547 26078 1
2366 27125 1
2366 24786 1
1798 2414 1
7 1965 1
27695 27721 1
7 27671 1
7 26089 1
1835 2331 1
1835 25611 1
2329 20436 1
1246 26060 1
1840 20433 1
1247 2335 1
1239 27711 1
1937 27722 1
23231 25344 1
1988 27125 1
20466 26062 1
26076 26129 1
1232 1233 1
23230 26091 1
2335 27697 1
39 24643 1
1228 2304 1
7 2333 1
27696 27713 1
9 1234 1
18 25547 1
1230 26073 1
1242 1988 1
60 23189 1
53 24643 1
9 27607 1
25547 26251 1
1935 2304 1
39 27731 1
1233 25344 1
26060 27666 1
1835 2329 1
20433 25205 1
2366 26063 1
9 1967 1
32 299 1
2304 25608 1
26089 26252 1
39 1238 1
26063 26073 1
60 1942 1
234 25344 1
26060 26066 1
1246 20437 1
2335 27694 1
20437 26074 1
2360 26120 1
1941 20436 1
2329 2354 1
20443 26103 1
23189 26103 1
1244 2366 1
26069 27124 1
1236 27731 1
20436 26076 1
18 26066 1
1988 25786 1
1233 1239 1
1835 27701 1
20466 27712 1
1840 27671 1
1962 27381 1
25202 26103 1
2304 26063 1
2333 20436 1
23192 25611 1
1250 20437 1
2360 27381 1
2360 24786 1
26123 27713 1
46 1236 1
7 28 1
2049 27668 1
1461 2304 1
1988 26066 1
2329 2334 1
2417 26060 1
1935 1962 1
26120 26129 1
39 1247 1
26067 26073 1
1002 2335 1
23189 25766 1
20436 27713 1
1835 1941 1
39 27713 1
2417 20433 1
25881 27668 1
39 1233 1
9 27731 1
1002 2360 1
1246 2366 1
26120 26123 1
26073 27722 1
25 2334 1
964 1835 1
2366 2414 1
27 1988 1
26074 27722 1
7 1244 1
25611 26060 1
2403 25202 1
1233 20466 1
2334 20466 1
1230 26066 1
23189 26078 1
53 27607 1
1988 27696 1
25916 26103 1
32 1230 1
234 20465 1
20433 26251 1
26060 26089 1
1231 27668 1
1002 20466 1
2365 23230 1
1835 27748 1
25 27713 1
1241 20465 1
1232 26060 1
26076 26078 1
1236 20433 1
39 881 1
26092 27713 1
2335 2354 1
1 299 1
27 26102 1
18 1231 1
26078 27731 1
2360 2390 1
53 1238 1
1231 1233 1
1235 20433 1
20437 24643 1
26060 27694 1
26066 26102 1
1962 26251 1
879 20433 1
20437 24786 1
26064 26065 1
26066 26067 1
26062 26063 1
1230 1962 1
25766 26060 1
1231 1232 1
25913 26075 1
1244 2335 1
39 25608 1
2366 2404 1
2304 2337 1
1835 27708 1
39 25786 1
18 2331 1
1937 2304 1
2304 24643 1
26129 27735 1
1237 26078 1
32 27716 1
1232 20437 1
1835 26123 1
26078 27607 1
22951 26102 1
20436 26075 1
25 24643 1
26060 27720 1
4039 26092 1
900 23189 1
27699 27716 1
1835 1935 1
46 1937 1
1835 27707 1
1709 20437 1
25344 26066 1
26074 27714 1
20436 27716 1
26252 27713 1
29 2335 1
2360 25608 1
2670 27668 1
4039 27713 1
1234 20433 1
18 1236 1
9 23189 1
9 2417 1
39 26251 1
2335 25637 1
1228 2366 1
1232 20466 1
25 21722 1
26075 27720 1
26103 27711 1
1230 20436 1
27712 27722 1
2360 27720 1
1238 20436 1
20465 27607 1
26103 27698 1
20437 27694 1
1230 26102 1
23230 27672 1
2337 26123 1
1988 2361 1
2366 25202 1
1709 20465 1
27714 27722 1
1230 2335 1
32 27731 1
2304 23192 1
2331 20466 1
1239 25344 1
2335 26120 1
46 25713 1
9 27745 1
1709 25881 1
1002 1835 1
9 25881 1
1919 20466 1
1244 2360 1
1965 20465 1
1941 20437 1
25 1230 1
1965 27124 1
25344 25608 1
2417 25913 1
1935 2335 1
18 1941 1
26078 26091 1
20433 25881 1
20443 23230 1
1233 20465 1
2668 20433 1
39 2403 1
26073 26078 1
25202 26102 1
25 25611 1
1950 1991 1
7 1232 1
24786 25611 1
4023 4038 1
1229 20466 1
1669 1962 1
9 24786 1
1235 20437 1
2334 2390 1
25344 25881 1
2057 2366 1
7 1941 1
53 26120 1
18 26252 1
24643 26103 1
25 27607 1
23230 26061 1
20437 27716 1
1238 20465 1
2337 27714 1
2335 26069 1
27711 27731 1
2335 23231 1
2360 27694 1
60 23231 1
2304 2354 1
20437 27709 1
2304 20443 1
20465 27124 1
25344 26251 1
2331 26102 1
1937 26074 1
9 4023 1
23230 26062 1
1244 20465 1
1236 27713 1
1919 20436 1
46 23231 1
9 1231 1
26102 27712 1
26071 26075 1
1239 2366 1
25611 26102 1
29 1835 1
2329 2390 1
1242 25344 1
1232 1236 1
23230 26064 1
7 2354 1
25205 25881 1
7 27721 1
1962 2331 1
20466 27694 1
28 23230 1
7 1250 1
25916 27713 1
28 26075 1
9 2329 1
20465 26064 1
27 2304 1
53 1937 1
20465 26251 1
27698 27708 1
1238 1962 1
39 27672 1
32 25881 1
18 1935 1
1937 24643 1
1950 25344 1
32 23231 1
20466 24643 1
2065 27672 1
1962 26074 1
1962 26252 1
24786 26078 1
20465 25611 1
1937 26076 1
881 20466 1
27 26078 1
7 26091 1
1250 26060 1
1835 26091 1
32 26069 1
1962 26061 1
1835 27716 1
27124 27672 1
1835 2354 1
21722 25916 1
1238 1835 1
23189 25344 1
32 25913 1
39 1235 1
1935 25916 1
1835 26064 1
28 26060 1
1950 26060 1
1231 26066 1
27694 27707 1
2057 2335 1
9 1669 1
26129 27668 1
23230 26065 1
7 1840 1
1798 25344 1
26078 27724 1
26103 26252 1
25 27724 1
1236 26066 1
2360 27712 1
2335 26074 1
26062 26066 1
20466 23231 1
20465 26139 1
1937 26103 1
60 26076 1
1238 2329 1
46 26069 1
32 26076 1
2365 20466 1
4023 26078 1
20433 27673 1
27694 27708 1
1002 25344 1
53 2390 1
18 2334 1
1231 20465 1
1236 20437 1
1962 27707 1
60 25547 1
60 2331 1
234 26252 1
29 2354 1
1242 1249 1
2049 20437 1
26103 27707 1
46 25547 1
2034 20466 1
1962 25916 1
29 964 1
25608 27731 1
23189 25611 1
27714 27745 1
7 2329 1
39 26061 1
2417 27714 1
20437 25608 1
29 27714 1
1988 2404 1
24786 27668 1
20436 26120 1
39 25540 1
1798 20466 1
1835 25881 1
27672 27673 1
23230 25881 1
234 26103 1
25 26074 1
2337 21722 1
39 2417 1
69 2366 1
26123 26252 1
2366 26073 1
2414 20437 1
2365 20465 1
7 26063 1
234 2624 1
1962 2361 1
26060 27702 1
60 26129 1
1935 23230 1
1236 1238 1
20437 25611 1
23192 24786 1
299 26060 1
1236 27711 1
27711 27716 1
27695 27711 1
25547 26076 1
26078 26129 1
1988 27724 1
4038 20433 1
46 2417 1
27696 27698 1
18 1238 1
2329 20433 1
32 26251 1
2670 20466 1
24786 26102 1
1991 2360 1
2354 26060 1
2404 26102 1
7 27607 1
1231 2360 1
18 26123 1
20433 26091 1
1228 23230 1
2404 20436 1
7 1709 1
27707 27713 1
1235 1709 1
26092 26120 1
60 25881 1
25 26251 1
27 25916 1
