234 1798 8
234 1669 7
2304 2417 7
2304 2366 5
20465 20466 5
20465 23230 4
25344 27479 4
1988 2335 3
2304 20465 2
1988 23230 2
2366 20465 2
2335 2366 2
2335 2417 2
1988 25344 2
2304 2335 2
20466 25344 1
20466 23230 1
20436 23230 1
2304 23230 1
1988 20466 1
2360 2366 1
20466 27479 1
2335 20465 1
234 20466 1
2304 20466 1
1970 23230 1
1965 23230 1
32 27479 1
46 20465 1
1669 1988 1
4023 25344 1
1988 20436 1
2335 4023 1
2417 23230 1
2360 23230 1
2335 23230 1
46 20466 1
1988 2360 1
1965 20465 1
1970 25344 1
32 20465 1
1988 20465 1
