2304 23230 18
2304 2366 17
23230 26060 13
7 23230 13
39 23230 11
7 20436 11
9 23230 11
46 1962 11
9 1988 11
9 20433 9
2304 20433 8
1835 23230 8
20436 23230 8
1835 2366 7
20466 23230 7
2304 20436 7
20437 23230 7
39 2304 7
9 1962 7
1988 23230 7
2360 26102 6
9 2304 6
2304 20466 6
2360 20437 6
9 46 6
9 2366 5
1962 23230 5
1962 26060 5
9 26060 5
23230 26102 5
20436 26060 5
2335 23230 5
1962 20436 4
46 26060 4
39 1962 4
18812 23230 4
7 26060 4
1835 1962 4
9 20436 4
46 20433 4
2360 23230 4
20465 23230 4
1835 26060 4
1988 2360 4
7 1835 4
1835 20436 4
20436 20466 3
7 2360 3
1988 26089 3
2335 20437 3
20466 26060 3
1962 1988 3
9 26102 3
1988 20436 3
2366 26102 2
1835 20437 2
1988 26078 2
1988 4023 2
46 1988 2
2360 20436 2
7 1988 2
7 9 2
7 18812 2
4038 18812 2
1835 2360 2
1835 26103 2
2304 26060 2
2366 26078 2
20436 26078 2
26078 26102 2
1962 18812 2
1988 26103 2
20433 26078 2
1962 2366 2
2304 26078 2
2360 18812 2
53 23230 2
1988 26102 2
1962 20466 2
9 25913 2
39 1835 2
20433 20465 2
1962 2335 2
2304 20465 2
60 1988 1
9 20437 1
1835 26078 1
2360 2366 1
23230 26078 1
7 25608 1
39 20466 1
1941 1962 1
46 26078 1
23230 26103 1
2366 23230 1
1988 18812 1
1230 23230 1
20433 26102 1
1835 26102 1
20437 20465 1
7 20466 1
20433 26060 1
1232 1238 1
1238 2360 1
39 26060 1
46 2304 1
9 20465 1
1962 2304 1
60 26092 1
46 1232 1
46 26102 1
2304 2335 1
2360 20465 1
1962 20433 1
23230 26069 1
1988 4038 1
2366 20466 1
1988 26060 1
1238 26060 1
4023 26078 1
1835 20466 1
9 2360 1
7 1232 1
2304 26102 1
2304 2417 1
53 2304 1
9 2335 1
18812 26078 1
1988 2335 1
39 26078 1
2335 2366 1
20433 23230 1
2335 2360 1
39 20436 1
1970 2366 1
20437 26102 1
20465 26078 1
1835 25608 1
20466 26078 1
9 20466 1
1232 2304 1
7 20433 1
20433 20466 1
20437 26069 1
1941 23230 1
1962 26078 1
9 26078 1
1230 1238 1
1970 20433 1
2417 23230 1
1962 26102 1
1835 2335 1
26089 26092 1
9 26103 1
7 46 1
53 26060 1
